0 0.8263645470142365 0.7285663783550262 0.18213075399398804 0.2534639239311218 0.9888021087646485
0 0.5734660476446152 0.8844955489039421 0.19465777277946472 0.2291000932455063 0.972459945678711
0 0.20427902787923813 0.2915406748652458 0.070858433842659 0.08995024859905243 0.9682234191894531
0 0.3539489731192589 0.39724309742450714 0.12824712693691254 0.17942705750465393 0.9639449310302735
0 0.608393520116806 0.42303550988435745 0.13379758596420288 0.18874605000019073 0.9630341339111328
0 0.2689562439918518 0.30610496923327446 0.06322500109672546 0.06834312528371811 0.9552924346923828
0 0.41749147325754166 0.5105737820267677 0.13822712004184723 0.19756771624088287 0.90714111328125
0 0.4817492738366127 0.6197199001908302 0.1593296080827713 0.2241545468568802 0.7799073791503907
0 0.06372295785695314 0.30843569431453943 0.0191474799066782 0.030105026438832283 0.6216631698608398
1 0.8560518063604832 0.6657765153795481 0.04053223878145218 0.041815806180238724 0.9178065490722657
1 0.7983092460781336 0.6617177203297615 0.03927548602223396 0.05186547338962555 0.914549560546875
1 0.3762240903452039 0.3521106131374836 0.01810852624475956 0.0372716560959816 0.9054497528076172
1 0.33057417441159487 0.3553815232589841 0.018118539825081825 0.029471108689904213 0.8991588592529297
1 0.5864697499200702 0.3709935862571001 0.024221738800406456 0.03342050686478615 0.8364878082275391
1 0.4512467011809349 0.5662509612739086 0.03224204480648041 0.04005607217550278 0.8291024780273437
1 0.19318839721381664 0.26644948311150074 0.01136678084731102 0.020146433264017105 0.7402227783203125
1 0.21810267679393291 0.2672182908281684 0.016246970742940903 0.01822066120803356 0.7244190979003906
4 0.7454628427512944 0.784050703048706 0.011338488198816776 0.10362029075622559 0.7227046966552735
4 0.17583791492506862 0.32599505968391895 0.009062162600457668 0.022495750337839127 0.6670713806152344
4 0.9070998346433043 0.8241030965000391 0.02009461633861065 0.04317661002278328 0.5881965637207032
3 0.605766236782074 0.8323283083736897 0.0405426025390625 0.05689714103937149 0.6083053970336914
3 0.6332479836419225 0.3666042760014534 0.02608337439596653 0.033787623047828674 0.5881660461425782
