0 0.5478977337479591 0.8342337608337402 0.1953050047159195 0.27128148078918457 0.9812229156494141
0 0.2329871542751789 0.2905518114566803 0.08087456971406937 0.10608559846878052 0.968331069946289
0 0.3018699511885643 0.29717695340514183 0.06752704083919525 0.08155398815870285 0.9604551696777344
0 0.6936665922403336 0.5280740484595299 0.15202286839485168 0.21698300540447235 0.9510065460205078
0 0.9198375269770622 0.9136642515659332 0.16029523313045502 0.17129844427108765 0.9420183563232422
0 0.48364581167697906 0.6667187958955765 0.16165825724601746 0.234270840883255 0.9103976440429687
0 0.39681676775217056 0.486039899289608 0.14521284401416779 0.20830576121807098 0.8644150543212891
0 0.06403436604887247 0.3084200266748667 0.018751876428723335 0.029923249036073685 0.7342076873779297
1 0.9130643177777529 0.9044462628662586 0.05117085948586464 0.06636635214090347 0.9440067291259766
1 0.514844749122858 0.7687140386551619 0.04269898682832718 0.04901891574263573 0.9418081665039062
1 0.42086550779640675 0.4341655597090721 0.024246755987405777 0.04333905875682831 0.9352332305908203
1 0.3708891812711954 0.4385448582470417 0.03559093549847603 0.03911522775888443 0.9227584838867188
1 0.2200884916819632 0.2630876759067178 0.013819773681461811 0.017063112929463387 0.8988036346435547
1 0.9791824817657471 0.9141758941113949 0.03786945343017578 0.04840105026960373 0.8856800842285156
1 0.6704001035541296 0.46851729415357113 0.0318094901740551 0.04244808480143547 0.8326722717285157
1 0.5117224920541048 0.6098392494022846 0.03666451945900917 0.04182038456201553 0.7099044799804688
