0 0.5640023350715637 0.8786415457725525 0.2054080367088318 0.24268460273742676 0.9862259674072266
0 0.7178759500384331 0.5583344995975494 0.1592995971441269 0.2290632724761963 0.9548724365234375
0 0.5044393315911293 0.7152579203248024 0.16938240826129913 0.24087293446063995 0.9448356628417969
0 0.24091381579637527 0.29306861385703087 0.08211399614810944 0.10991024225950241 0.9378247833251954
0 0.40788786858320236 0.5159776955842972 0.15212421119213104 0.21789780259132385 0.9087091064453126
0 0.3110032007098198 0.29507848620414734 0.06688426434993744 0.08371895551681519 0.7910506439208984
0 0.06344672199338675 0.3087787330150604 0.019746875390410423 0.028873443603515625 0.7421834564208984
1 0.5275392848998308 0.8298399560153484 0.0469861663877964 0.052907250821590424 0.9483644104003907
1 0.43289868626743555 0.4627642687410116 0.024568112567067146 0.04529441520571709 0.8718946075439453
1 0.6955196335911751 0.49578043818473816 0.03563143312931061 0.04233771562576294 0.8615975952148438
1 0.5333820972591639 0.6567414999008179 0.03779919818043709 0.03848373889923096 0.8575566101074219
1 0.3807862140238285 0.4667127374559641 0.03775275498628616 0.040991295129060745 0.8042818450927735
1 0.9464585389941931 0.9722737781703472 0.042750995606184006 0.05444624274969101 0.7733013153076171
1 0.22738822596147656 0.2631608061492443 0.013857857324182987 0.017545007169246674 0.7203671264648438
1 0.2567168823443353 0.26604210678488016 0.01479665469378233 0.017441021278500557 0.7043321228027344
3 0.5967036448419094 0.8313309401273727 0.0439070388674736 0.04212567210197449 0.7591805267333984
4 0.44536623917520046 0.7929088473320007 0.020765971392393112 0.08763444423675537 0.5796163177490234
