0 0.8050391301512718 0.6871953681111336 0.17696349322795868 0.2431124597787857 0.9829536437988281
0 0.5926372036337852 0.4070851281285286 0.13101117312908173 0.18509913980960846 0.9739224243164063
0 0.5570684298872948 0.8541036397218704 0.1880873292684555 0.2662881910800934 0.9668145751953126
0 0.19928431138396263 0.2930312864482403 0.07008688896894455 0.08775895088911057 0.9655949401855469
0 0.34668947011232376 0.3842628374695778 0.12610752880573273 0.1731482893228531 0.9650375366210937
0 0.40930578112602234 0.4849826991558075 0.13152742385864258 0.19318938255310059 0.9617440795898438
0 0.26377590373158455 0.30969647876918316 0.06264130026102066 0.06103738769888878 0.9106594848632813
0 0.4657466784119606 0.5863381549715996 0.15368236601352692 0.2161955088376999 0.7986976623535156
0 0.06348898075520992 0.30860582925379276 0.01950913295149803 0.030155379325151443 0.6643126678466796
1 0.5727615114301443 0.3573223352432251 0.02761669084429741 0.03210669755935669 0.9247091674804687
1 0.8328771833330393 0.6256829369813204 0.03899364545941353 0.04249510541558266 0.9136356353759766
1 0.32412928342819214 0.3429084923118353 0.015310287475585938 0.026448171585798264 0.895992431640625
1 0.7768621649593115 0.6220524813979864 0.035223644226789474 0.04930911585688591 0.8836697387695313
1 0.3699910482391715 0.340488625690341 0.024557558819651604 0.03879662975668907 0.8806417846679687
1 0.4364342503249645 0.534719318151474 0.03353729099035263 0.037883222103118896 0.8260638427734375
1 0.187376051209867 0.2690731482580304 0.011745421215891838 0.0173975620418787 0.668153076171875
3 0.5885762330144644 0.7797527741640806 0.038871001452207565 0.05338570103049278 0.7812728881835938
3 0.6174695333465934 0.3541494309902191 0.023227183148264885 0.034596025943756104 0.6854888153076172
4 0.49068981781601906 0.9472444765269756 0.02859986573457718 0.07974853366613388 0.7759203338623046
4 0.7262452086433768 0.7586339525878429 0.010109392926096916 0.06531592458486557 0.7161849975585938
4 0.3579303817823529 0.5553438309580088 0.016052881255745888 0.04919128492474556 0.5896984481811524
