0 0.8008539900183678 0.6831161379814148 0.1803833693265915 0.2636847496032715 0.975572738647461
0 0.2695907764136791 0.3035159446299076 0.08987658470869064 0.11726371198892593 0.957561264038086
0 0.5612328723073006 0.8737701252102852 0.19838447868824005 0.2478330284357071 0.954433822631836
0 0.44443438202142715 0.6216468214988708 0.16982443630695343 0.24616456031799316 0.9383946990966797
0 0.33642899990081787 0.29041000828146935 0.06700563430786133 0.09296917170286179 0.8766259765625
0 0.6073409840464592 0.9854803858324885 0.1391579955816269 0.028821026906371117 0.8581964874267578
1 0.2545896121300757 0.270143773406744 0.013324578292667866 0.018488876521587372 0.9627468872070313
1 0.4149087443947792 0.5643018893897533 0.041935697197914124 0.05052908509969711 0.9349877166748047
1 0.5950894877314568 0.830225458368659 0.043067678809165955 0.047666650265455246 0.9235230255126953
1 0.47229231987148523 0.5606383923441172 0.02340892143547535 0.048293162137269974 0.9093292999267578
1 0.7740003671497107 0.6147863604128361 0.040485065430402756 0.04826886206865311 0.8510131072998047
1 0.2866823929361999 0.2749388748779893 0.014215818606317043 0.016840504482388496 0.7189253234863281
4 0.3855826994404197 0.7087035588920116 0.023049799725413322 0.06871529668569565 0.6363065338134766
