0 0.5459216609597206 0.9281956851482391 0.22054030001163483 0.14359396696090698 0.9740399169921875
0 0.725575752556324 0.552857294678688 0.15485884249210358 0.208455890417099 0.9669359588623047
0 0.4971989244222641 0.6691700890660286 0.15845301747322083 0.22830165922641754 0.9597401428222656
0 0.18337860330939293 0.301099568605423 0.06409924477338791 0.07362687587738037 0.9490779876708985
0 0.40812498331069946 0.4832325503230095 0.13823550939559937 0.1888284534215927 0.9194932556152344
0 0.31614620983600616 0.34524884074926376 0.11148115992546082 0.1572725623846054 0.9018633270263672
0 0.24395624361932278 0.32035992853343487 0.056593846529722214 0.0379350446164608 0.8676176452636719
0 0.5367598347365856 0.35980064421892166 0.11930885165929794 0.16494078934192657 0.8463404083251953
0 0.3657328858971596 0.4132910221815109 0.10348100960254669 0.16876819729804993 0.828665771484375
1 0.29535575909540057 0.307937010191381 0.014501317404210567 0.023983029648661613 0.9531036376953125
1 0.699338948354125 0.4977503214031458 0.025592993944883347 0.041438180953264236 0.8952771759033203
1 0.5063120145350695 0.931672053411603 0.045883242040872574 0.05586615577340126 0.8766761779785156
1 0.5183799667283893 0.31429430842399597 0.018400033935904503 0.025080561637878418 0.8587619018554687
1 0.3343712785281241 0.30643001571297646 0.015074093826115131 0.03379756957292557 0.8338529968261719
1 0.7505060229450464 0.49594784155488014 0.0359242744743824 0.042709238827228546 0.7988306427001953
1 0.585773809812963 0.9325066171586514 0.02950522117316723 0.04848276823759079 0.7368846893310547
1 0.3901713788509369 0.37663364596664906 0.024277687072753906 0.026501718908548355 0.6846802520751953
1 0.708159283734858 0.5018426449969411 0.02459290809929371 0.03122829832136631 0.6710813140869141
3 0.5254106801003218 0.6057638432830572 0.033637937158346176 0.04774616286158562 0.7641929626464844
3 0.4309195540845394 0.43979812506586313 0.02674376219511032 0.02341868169605732 0.6579997253417968
2 0.10321152210235596 0.26063496619462967 0.0679045170545578 0.1458970159292221 0.5833769989013672
