0 0.566361665725708 0.37968073785305023 0.12505722045898438 0.17935338616371155 0.9849646759033203
0 0.5299785435199738 0.7616659328341484 0.17403125762939453 0.24899087846279144 0.9847626495361328
0 0.1916695348918438 0.29606274142861366 0.06881701201200485 0.08337057381868362 0.9706166076660157
0 0.3322674557566643 0.36408616602420807 0.11981181800365448 0.16658249497413635 0.9705415344238282
0 0.7677783519029617 0.6197943761944771 0.16542962193489075 0.22699595987796783 0.9673929595947266
0 0.4395493119955063 0.5377401933073997 0.14767512679100037 0.2013983577489853 0.9609909057617188
0 0.39103809371590614 0.4491606876254082 0.1194230392575264 0.17820821702480316 0.9605340576171875
0 0.25454109348356724 0.3156602792441845 0.060399848967790604 0.04966803640127182 0.9595079803466797
1 0.7946101259440184 0.5603373479098082 0.037761177867650986 0.04524942860007286 0.95132080078125
1 0.35333376098424196 0.3227978330105543 0.019075075164437294 0.03414708003401756 0.9381427764892578
1 0.740807855501771 0.560722142457962 0.036080170422792435 0.04854041337966919 0.9210498046875
1 0.5505211232230067 0.3316337503492832 0.026889419183135033 0.035605140030384064 0.8526581573486328
1 0.3113930900581181 0.32509007677435875 0.01551987323909998 0.027987472712993622 0.8520301055908203
1 0.41226966585963964 0.4879109002649784 0.027264563366770744 0.03200084716081619 0.7794525909423828
1 0.41181902680546045 0.4054006915539503 0.029681237414479256 0.032328542321920395 0.7684364318847656
1 0.17961648618802428 0.2742899446748197 0.011579195968806744 0.014594155363738537 0.7410633087158203
1 0.5596883222460747 0.6929591484367847 0.0362078994512558 0.05065742880105972 0.6533876037597657
4 0.6017673453316092 0.8617880176752806 0.02057120017707348 0.03193291649222374 0.7440736389160156
4 0.46829001884907484 0.8447386287152767 0.02631816826760769 0.08422105759382248 0.73968017578125
4 0.28595939464867115 0.42433889396488667 0.01094919815659523 0.04603132978081703 0.73580322265625
4 0.33959647407755256 0.5129186064004898 0.011252212338149548 0.04921230673789978 0.609393653869629
4 0.5179683724418283 0.4434322752058506 0.012079747393727303 0.05108625441789627 0.5803757858276367
4 0.5224948767572641 0.4465102758258581 0.018339920789003372 0.046907465904951096 0.5765713500976563
