0 0.5495405569672585 0.9386100433766842 0.2206999808549881 0.12276475876569748 0.9719037628173828
0 0.18472881242632866 0.3001634292304516 0.0642135962843895 0.07575347274541855 0.9514556121826172
0 0.3184213526546955 0.3486901968717575 0.11387268453836441 0.1594490110874176 0.9241903686523437
0 0.41275762766599655 0.49243029206991196 0.14126889407634735 0.1903701275587082 0.9206159210205078
0 0.503716304898262 0.6843581944704056 0.1660703718662262 0.22955384850502014 0.910218505859375
0 0.5418641977012157 0.3638394847512245 0.11911048740148544 0.1661161333322525 0.9007065582275391
0 0.24680288694798946 0.31885182298719883 0.056114356964826584 0.03498535230755806 0.8679702758789063
0 0.7330345287919044 0.5637802183628082 0.15765495598316193 0.21470856666564941 0.8587685394287109
0 0.3732171282172203 0.4201294481754303 0.1121203750371933 0.16958463191986084 0.8558589172363281
1 0.2986464421264827 0.31092305202037096 0.013422234915196896 0.0250528696924448 0.9566754913330078
1 0.5224588317796588 0.3183618187904358 0.017600854858756065 0.0268707275390625 0.8717952728271484
1 0.5894674826413393 0.9567883368581533 0.03313306346535683 0.04948074743151665 0.8442227172851563
1 0.7068084236234426 0.5082322563976049 0.02889842912554741 0.04149005934596062 0.8411038208007813
1 0.33669176511466503 0.30779887922108173 0.014435704797506332 0.03322920575737953 0.8377040100097656
1 0.5089125521481037 0.9602503925561905 0.05050096660852432 0.06187930703163147 0.8008412170410156
1 0.7579446639865637 0.5115333814173937 0.03528658673167229 0.03244448080658913 0.7620903015136719
1 0.17326816311106086 0.2812697268091142 0.01107554417103529 0.014722640626132488 0.7472384643554687
1 0.3953187484294176 0.3832899387925863 0.027075354009866714 0.02425910159945488 0.7437908935546875
1 0.3865091484040022 0.4446216570213437 0.025089677423238754 0.022042224183678627 0.6296541595458984
3 0.5307420454919338 0.6211334243416786 0.03292500227689743 0.0471930056810379 0.8873609161376953
3 0.4359322628006339 0.4492418384179473 0.02904173545539379 0.02307705394923687 0.7178864288330078
2 0.10328871384263039 0.26113200932741165 0.06781021505594254 0.1464606076478958 0.597942771911621
