0 0.5440060198307037 0.9222479686141014 0.21751075983047485 0.15373580157756805 0.9853977966308594
0 0.721746064722538 0.5479837656021118 0.15440399944782257 0.20879966020584106 0.9554142761230469
0 0.18280211091041565 0.3015558309853077 0.06428262591362 0.07311836630105972 0.916143798828125
0 0.4947623312473297 0.660496398806572 0.1575489640235901 0.22785457968711853 0.9150007629394531
0 0.4055495485663414 0.47864411026239395 0.1378432959318161 0.18688352406024933 0.9052212524414063
0 0.31419992819428444 0.3439531847834587 0.10713184624910355 0.156972274184227 0.849373779296875
0 0.24355999007821083 0.3216396290808916 0.056241877377033234 0.03855997696518898 0.7986289215087891
0 0.364510465413332 0.4089032858610153 0.10410944372415543 0.1682228147983551 0.771917724609375
0 0.5348469391465187 0.3581823781132698 0.11772944033145905 0.164691761136055 0.7271145629882813
1 0.2942532994784415 0.30680511984974146 0.013724167831242085 0.02339276857674122 0.9404005432128906
1 0.5150120658800006 0.31166885513812304 0.01931222341954708 0.028193438425660133 0.897835693359375
1 0.6972108678892255 0.4943452700972557 0.02872244454920292 0.03864316642284393 0.8549860382080078
1 0.5844222586601973 0.9210370741784573 0.0303611122071743 0.047897450625896454 0.836880111694336
1 0.3331852853298187 0.30541311018168926 0.01649332046508789 0.03380533680319786 0.8253114318847656
1 0.5066833570599556 0.920391570776701 0.04479290544986725 0.05287566035985947 0.8033535003662109
1 0.7466468643397093 0.49542602710425854 0.03443953022360802 0.03411107882857323 0.7983928680419922
1 0.38744069542735815 0.3738260557875037 0.02253386192023754 0.02392798475921154 0.6960275268554688
2 0.10341199859976768 0.2608693838119507 0.06859060376882553 0.14742511510849 0.6809843444824218
3 0.5570130748674273 0.3098951457068324 0.021427473053336143 0.028363799676299095 0.5846409225463867
3 0.5216181874275208 0.5983543712645769 0.03180742263793945 0.04602808132767677 0.5666240310668945
