0 0.3570009283721447 0.2890027388930321 0.06804259866476059 0.09790016710758209 0.9838315582275391
0 0.8837004005908966 0.8170938640832901 0.20668214559555054 0.29739001393318176 0.9828380584716797
0 0.2978914715349674 0.3212321847677231 0.09736619144678116 0.12897560000419617 0.9789823150634765
0 0.48155444115400314 0.741215780377388 0.18990777432918549 0.27318957448005676 0.9471527099609375
0 0.5948313847184181 0.9631159044802189 0.15490753948688507 0.07319623976945877 0.9027737426757813
0 0.06347869243472815 0.3083160240203142 0.01890966109931469 0.029691342264413834 0.7270722198486328
1 0.4472838770598173 0.6794513631612062 0.047200169414281845 0.056596431881189346 0.9579963684082031
1 0.5135050192475319 0.6729198265820742 0.03171135485172272 0.05680349841713905 0.9430913543701172
1 0.8548585288226604 0.7376772947609425 0.04547443240880966 0.05361000448465347 0.9316647338867188
1 0.2823965488933027 0.28636597469449043 0.01462774258106947 0.01908860355615616 0.8499482727050781
1 0.3155569373629987 0.29035236220806837 0.014659690670669079 0.018147503957152367 0.8312636566162109
