0 0.5436925143003464 0.8146045655012131 0.19137713313102722 0.26451584696769714 0.9869308471679688
0 0.9140706732869148 0.9040398672223091 0.1700308471918106 0.19192029535770416 0.9862291717529297
0 0.6859389618039131 0.5175177603960037 0.1510421186685562 0.2143332064151764 0.9791899108886719
0 0.23028519749641418 0.2900581397116184 0.08057424426078796 0.10558585077524185 0.972232437133789
0 0.2977288290858269 0.2980511076748371 0.07004384696483612 0.08040175586938858 0.9615791320800782
0 0.39267610758543015 0.47712112963199615 0.14298699796199799 0.2056160867214203 0.9577346801757812
0 0.47717270255088806 0.6512815281748772 0.159906804561615 0.23048530519008636 0.907437515258789
0 0.06340124644339085 0.30879904236644506 0.019582699984312057 0.030670730397105217 0.6315396881103515
1 0.902510205283761 0.883571807295084 0.05061181262135506 0.06915593892335892 0.9472817993164062
1 0.3668997883796692 0.430918637663126 0.03597545623779297 0.03808308392763138 0.90484375
1 0.9731539376080036 0.8880965653806925 0.04851112514734268 0.05221139267086983 0.8998876953125
1 0.4170978544279933 0.42513495311141014 0.021426772698760033 0.042596690356731415 0.8927322387695312
1 0.6647928953170776 0.46044621989130974 0.03407573699951172 0.0410364493727684 0.865318603515625
1 0.5091104879975319 0.7485661152750254 0.04278065264225006 0.04789536073803902 0.8651132202148437
1 0.21741839358583093 0.26206868421286345 0.013596010394394398 0.016926517710089684 0.8428092193603516
1 0.5060847643762827 0.5977462790906429 0.03345136716961861 0.0357699915766716 0.7894065856933594
1 0.2446912876330316 0.2640774264000356 0.013257901184260845 0.015620592050254345 0.7534706115722656
4 0.4702701484784484 0.9121255278587341 0.02237294428050518 0.07025909423828125 0.5507266998291016
