0 0.5987510904669762 0.9568459689617157 0.17284516990184784 0.08600622415542603 0.9661685943603515
0 0.26308799162507057 0.300130870193243 0.08636007457971573 0.11673202365636826 0.9446321105957032
0 0.7814111486077309 0.6524782329797745 0.17391140758991241 0.25377586483955383 0.9146855926513672
0 0.5496811643242836 0.848151445388794 0.19045855104923248 0.27456235885620117 0.9037803649902344
0 0.4353782907128334 0.5936706438660622 0.16425873339176178 0.2396874576807022 0.8337615966796875
0 0.3313368931412697 0.29144615307450294 0.06591106951236725 0.09222123771905899 0.6737301635742188
1 0.46455538645386696 0.5337906628847122 0.029830582439899445 0.050689131021499634 0.9387747955322265
1 0.7560062445700169 0.5859671123325825 0.04388440400362015 0.05038926750421524 0.9179247283935547
1 0.5819399040192366 0.786803113296628 0.04359525069594383 0.04748258367180824 0.9083840942382813
1 0.2480084141716361 0.267789333127439 0.013682810589671135 0.017187414690852165 0.9028893280029296
1 0.408001571893692 0.5383174940943718 0.0425724983215332 0.048589691519737244 0.8350894165039062
1 0.2800094843842089 0.2706138361245394 0.013329696841537952 0.01694265380501747 0.6260405731201172
4 0.4713680148124695 0.9276380650699139 0.009252071380615234 0.07662489265203476 0.7466353607177735
4 0.4839832903817296 0.9516764357686043 0.02333536185324192 0.07114161550998688 0.6837018585205078
