0 0.5915033295750618 0.9183305203914642 0.20521850883960724 0.1619611382484436 0.9904364013671875
0 0.8541900590062141 0.7804052233695984 0.1908114105463028 0.2648181915283203 0.9887680053710938
0 0.36403634399175644 0.4156698137521744 0.1321651190519333 0.18631908297538757 0.9807176971435547
0 0.21012376621365547 0.28897204250097275 0.07398191839456558 0.09744991362094879 0.9752099609375
0 0.6273817121982574 0.44304584711790085 0.1379719376564026 0.1942625492811203 0.9743023681640625
0 0.2753203511238098 0.30455172434449196 0.06515169143676758 0.07362080365419388 0.9738542175292969
0 0.4994498938322067 0.6640920341014862 0.1648121178150177 0.23540502786636353 0.9522038269042968
0 0.4288085401058197 0.5418966934084892 0.14150577783584595 0.20117543637752533 0.9221507263183594
0 0.06426900532096624 0.3083506114780903 0.018568379804491997 0.02873978763818741 0.6614312744140625
1 0.338084252551198 0.3716080952435732 0.025073114782571793 0.037393245846033096 0.9360292816162109
1 0.38738249707967043 0.36936813592910767 0.02197043038904667 0.03832077980041504 0.9263286590576172
1 0.8220913242548704 0.7106344792991877 0.04184767231345177 0.056535620242357254 0.9147836303710938
1 0.6058413349092007 0.38862789794802666 0.022891871631145477 0.035757504403591156 0.9085934448242188
1 0.8831842057406902 0.7131623160094023 0.04101981967687607 0.04763200506567955 0.8901441955566406
1 0.46687420830130577 0.6102630253881216 0.03674160689115524 0.04056961461901665 0.856378173828125
1 0.22487574303522706 0.2653947230428457 0.014659007079899311 0.018408965319395065 0.7152313232421875
1 0.8051183181814849 0.7173494696617126 0.013808122836053371 0.041135549545288086 0.6987316131591796
1 0.4550552237778902 0.4949262123554945 0.032995257526636124 0.03215688094496727 0.6460512542724609
1 0.1972771156579256 0.26489466056227684 0.013119760900735855 0.01626162976026535 0.5963323593139649
3 0.6544754505157471 0.38598500192165375 0.02826976776123047 0.03772243857383728 0.8034014892578125
4 0.769504542928189 0.8511002324521542 0.012047640047967434 0.08007066696882248 0.7987129211425781
4 0.5605748612433672 0.9282766543328762 0.043367449194192886 0.031310074031353 0.5868046188354492
