0 0.8008091375231743 0.6779341548681259 0.17634938657283783 0.24057921767234802 0.9933504486083984
0 0.55411746352911 0.8425833731889725 0.18506847321987152 0.264253169298172 0.9871734619140625
0 0.5885825231671333 0.40284980088472366 0.12969984114170074 0.18716563284397125 0.9728915405273437
0 0.34471674263477325 0.381332702934742 0.12510636448860168 0.17136843502521515 0.9728905487060547
0 0.19855698570609093 0.2930618114769459 0.07067718356847763 0.08816085010766983 0.9600703430175781
0 0.40768444538116455 0.48161517083644867 0.1306910514831543 0.18790432810783386 0.9404389190673829
0 0.2630228977650404 0.30983297526836395 0.06247540935873985 0.05899485945701599 0.9256546783447266
0 0.4626164585351944 0.580740749835968 0.15476080775260925 0.2127109169960022 0.8437605285644532
0 0.06383523531258106 0.30812874529510736 0.01904146745800972 0.028533341363072395 0.6849394226074219
1 0.7714167665690184 0.6163708120584488 0.03343721851706505 0.04978564381599426 0.9104329681396485
1 0.3222504975274205 0.34117375686764717 0.018688583746552467 0.028526701033115387 0.9000746917724609
1 0.3658996680751443 0.33782097697257996 0.018510373309254646 0.03727447986602783 0.8701713562011719
1 0.18681980157271028 0.2686384003609419 0.010329564101994038 0.016574379056692123 0.8650315093994141
1 0.8279206790030003 0.6185953728854656 0.039408810436725616 0.042203210294246674 0.8529339599609375
1 0.5677370149642229 0.3532597105950117 0.02453238144516945 0.032647307962179184 0.7902980804443359
1 0.43392730318009853 0.5285589955747128 0.03282756730914116 0.0395541712641716 0.6787236022949219
1 0.5850073732435703 0.7692444827407598 0.037165768444538116 0.05498645827174187 0.624037971496582
1 0.42668911814689636 0.43721228931099176 0.030316829681396484 0.030661942437291145 0.5898857116699219
4 0.7229973278008401 0.744125846773386 0.01118342112749815 0.0790872648358345 0.7868412017822266
4 0.48807327914983034 0.9330754838883877 0.02811400033533573 0.08521174639463425 0.781659164428711
4 0.631577149964869 0.9496881868690252 0.02138093300163746 0.03209064528346062 0.7036249542236328
3 0.6156779648736119 0.3492160765454173 0.024657631292939186 0.031085854396224022 0.72587646484375
