0 0.899160698056221 0.8660795986652374 0.20167866349220276 0.264964759349823 0.9892532348632812
0 0.22201743721961975 0.28388186544179916 0.07828548550605774 0.11037386953830719 0.9805593109130859
0 0.38043294847011566 0.4480581656098366 0.13840052485466003 0.19758416712284088 0.9778248596191407
0 0.5268674194812775 0.7474789768457413 0.1769837737083435 0.2553967535495758 0.9750135803222656
0 0.2883736826479435 0.3006904721260071 0.06773007661104202 0.07696861028671265 0.9706227111816407
0 0.4555041119456291 0.599850058555603 0.1540004462003708 0.21982580423355103 0.9537503051757813
0 0.6606093347072601 0.48395514488220215 0.14407259225845337 0.20686566829681396 0.90116455078125
0 0.06417074985802174 0.3075023675337434 0.018635224550962448 0.02697177417576313 0.8033021545410156
0 0.6229268014431 0.9815616495907307 0.13877111673355103 0.033266760408878326 0.7969779968261719
1 0.4032873036339879 0.3992038108408451 0.0214404109865427 0.040579505264759064 0.9459941101074218
1 0.8668866436928511 0.8042315728962421 0.04751294478774071 0.06498763710260391 0.9349374389648437
1 0.3553830720484257 0.39979079738259315 0.02821267396211624 0.04047323018312454 0.9187492370605469
1 0.6371843097731471 0.4250127263367176 0.028438186272978783 0.04458007961511612 0.8988907623291016
1 0.9334681108593941 0.8106138966977596 0.042953744530677795 0.04577212780714035 0.8569927978515625
1 0.20855034375563264 0.2602450419217348 0.013237078674137592 0.016837451606988907 0.847115478515625
1 0.49254429899156094 0.6858409307897091 0.04228467866778374 0.04418414086103439 0.7982762145996094
1 0.23624071991071105 0.2645774055272341 0.012753407470881939 0.0142500139772892 0.7279769134521484
1 0.48070927150547504 0.5475171692669392 0.035920653492212296 0.03724823147058487 0.7184376525878906
1 0.6461827792227268 0.42892274633049965 0.028324253857135773 0.03442806750535965 0.6758301544189453
4 0.40024623833596706 0.6734605245292187 0.021175574511289597 0.07088860124349594 0.6631256103515625
4 0.45873878989368677 0.8394262716174126 0.026087315753102303 0.06626270711421967 0.6530261993408203
4 0.331616354174912 0.5209049172699451 0.017212772741913795 0.05099854618310928 0.5862637710571289
