0 0.5503251031041145 0.8459623903036118 0.19841225445270538 0.27375826239585876 0.9770163726806641
0 0.9216130524873734 0.9192916080355644 0.1560674011707306 0.16046713292598724 0.97470703125
0 0.39836419373750687 0.49054092913866043 0.14521439373493195 0.2101246863603592 0.974560546875
0 0.23422061651945114 0.29097427800297737 0.0810377448797226 0.10710782557725906 0.9710224914550781
0 0.487244576215744 0.6748702004551888 0.16385746002197266 0.23408819735050201 0.9693348693847657
0 0.6979036033153534 0.5330042466521263 0.1532498002052307 0.22029249370098114 0.9639608001708985
0 0.30351951345801353 0.2970008961856365 0.06711428612470627 0.08170392364263535 0.9622038269042968
0 0.06381047703325748 0.3088149456307292 0.01917392387986183 0.03039485774934292 0.7080690002441407
1 0.9177317582070827 0.9193911477923393 0.053768984973430634 0.07131002843379974 0.9319461822509766
1 0.3722154339775443 0.44228750094771385 0.02651783637702465 0.035500817000865936 0.9198305511474609
1 0.5173495542258024 0.7781993355602026 0.04432198032736778 0.04989878460764885 0.9040831756591797
1 0.42219682689756155 0.4390478003770113 0.023709041997790337 0.04364118352532387 0.896309814453125
1 0.9831841979175806 0.9273966290056705 0.033631641417741776 0.04436261206865311 0.891396484375
1 0.6771213449537754 0.4722246304154396 0.03427327424287796 0.04253251850605011 0.8610808563232422
1 0.5145241227000952 0.6195668298751116 0.038368385285139084 0.037176910787820816 0.839886474609375
1 0.22096111066639423 0.2625135099515319 0.014485660940408707 0.018755001947283745 0.7759871673583985
1 0.24939270317554474 0.2648670319467783 0.013499021530151367 0.016854096204042435 0.642133560180664
4 0.6330863432958722 0.9329933635890484 0.026558557525277138 0.07459213584661484 0.7537284851074219
4 0.4818773688748479 0.9502908810973167 0.027668381109833717 0.06304304301738739 0.6647789001464843
