0 0.8766027390956879 0.8050505518913269 0.20010846853256226 0.29531431198120117 0.9850444793701172
0 0.2960864342749119 0.3202318996191025 0.09723097831010818 0.1292124092578888 0.9806190490722656
0 0.35537442937493324 0.28910602629184723 0.06857211142778397 0.09779632091522217 0.9716128540039063
0 0.478505440056324 0.7321939617395401 0.1887105256319046 0.27197733521461487 0.9713158416748047
0 0.593958705663681 0.9551132284104824 0.16208261251449585 0.08708416670560837 0.9678892517089843
0 0.0633370541036129 0.3086153930053115 0.018963642418384552 0.029117895290255547 0.8062025451660156
1 0.44520031102001667 0.6709976755082607 0.04541638866066933 0.05531000345945358 0.9717790222167969
1 0.508119584992528 0.6645173579454422 0.025847498327493668 0.05387714505195618 0.9523190307617188
1 0.28053650073707104 0.28428677562624216 0.014501508325338364 0.01878763921558857 0.9319792938232422
1 0.849092960357666 0.7284410428255796 0.047387123107910156 0.05844613537192345 0.9240426635742187
1 0.3136119502596557 0.2898564077913761 0.013969293795526028 0.01609189063310623 0.7218180084228516
4 0.4132405202835798 0.8299158699810505 0.024576600641012192 0.07641861587762833 0.6942076873779297
3 0.9111784659326077 0.728133162483573 0.04286467283964157 0.048619192093610764 0.6718797302246093
