0 0.5832377523183823 0.9216548055410385 0.22122666239738464 0.15626153349876404 0.9807569885253906
0 0.25293779373168945 0.29656149819493294 0.08435586094856262 0.11210668832063675 0.9774179840087891
0 0.5317616760730743 0.7884202599525452 0.18004560470581055 0.2598026990890503 0.9754264068603515
0 0.752584420144558 0.6101270988583565 0.1674620360136032 0.24407722055912018 0.9714159393310546
0 0.3228146806359291 0.29215071722865105 0.06774730980396271 0.08918400853872299 0.9697467803955078
0 0.4237357899546623 0.5567653849720955 0.15994767844676971 0.22990049421787262 0.9677215576171875
0 0.06454340741038322 0.30783201195299625 0.017561733722686768 0.026736337691545486 0.6321530914306641
1 0.5624035801738501 0.7290883753448725 0.037642162293195724 0.04282452538609505 0.9471578216552734
1 0.45049435272812843 0.5014742482453585 0.02968323975801468 0.051094505935907364 0.918316879272461
1 0.2395207304507494 0.2645840374752879 0.013639513403177261 0.01751643978059292 0.9178010559082032
1 0.396222073584795 0.5056977886706591 0.03929863125085831 0.044745270162820816 0.9138043212890625
1 0.5444973912090063 0.9251014571636915 0.051141899079084396 0.05279981717467308 0.8879292297363282
1 0.7256999779492617 0.5455616880208254 0.03278306499123573 0.04612020030617714 0.8536756896972656
1 0.2694259244017303 0.2678182004019618 0.014223924838006496 0.016064142808318138 0.8443545532226563
4 0.4663291471078992 0.8677192702889442 0.024946371093392372 0.10112304985523224 0.6231272888183593
