0 0.8942229226231575 0.8372640907764435 0.20550359785556793 0.30020278692245483 0.989108657836914
0 0.30237342044711113 0.3245963081717491 0.09817209094762802 0.1288519948720932 0.9849882507324219
0 0.35936665162444115 0.2893044725060463 0.06870447844266891 0.09947018325328827 0.9754531097412109
0 0.48656951636075974 0.7587756812572479 0.19212310016155243 0.2833022475242615 0.9730441284179687
0 0.5980101674795151 0.9767122119665146 0.14635178446769714 0.04146739840507507 0.9210528564453125
0 0.0637089591473341 0.30853457655757666 0.019204866141080856 0.030048398301005363 0.7702386474609375
1 0.45288392901420593 0.6969141978770494 0.048777103424072266 0.05592775717377663 0.9318426513671875
1 0.8618961647152901 0.7538977395743132 0.05390860140323639 0.06211259588599205 0.9273050689697265
1 0.5163944559171796 0.6896585915237665 0.02776304818689823 0.055386919528245926 0.8780175018310546
1 0.28682458819821477 0.28971132449805737 0.015559800900518894 0.020664270967245102 0.8441733551025391
4 0.5590194864198565 0.8654443733394146 0.020127614960074425 0.04959502071142197 0.7926013946533204
4 0.9799858573824167 0.9481218252331018 0.025569725781679153 0.056704599410295486 0.6218112182617187
