0 0.570963092148304 0.8935730084776878 0.21158374845981598 0.21285395324230194 0.9872509002685547
0 0.5143126249313354 0.7399664223194122 0.17222684621810913 0.2492731213569641 0.966600570678711
0 0.7309225052595139 0.5767952278256416 0.16246184706687927 0.2354390174150467 0.9629942321777344
0 0.24498720839619637 0.29372943937778473 0.084126777946949 0.11098313331604004 0.9198977661132812
0 0.41456447541713715 0.5317212715744972 0.15682408213615417 0.22088445723056793 0.9164986419677734
0 0.31502240523695946 0.29425061494112015 0.06826197355985641 0.08547945320606232 0.7185974884033203
0 0.0632038377225399 0.3081366755068302 0.02025824785232544 0.028511472046375275 0.6759452819824219
1 0.38632315024733543 0.4842608831822872 0.03831612318754196 0.040786318480968475 0.9618115997314454
1 0.2316752402111888 0.2639227779582143 0.012533998116850853 0.016376608982682228 0.9124384307861328
1 0.4388350723311305 0.47799807973206043 0.02469501458108425 0.04772395268082619 0.9012400817871093
1 0.5337477922439575 0.863622022792697 0.05019044876098633 0.05181398615241051 0.8869329071044922
1 0.5440034195780754 0.683422464877367 0.03999827802181244 0.03920785337686539 0.8423878479003907
1 0.7038607280701399 0.5128185842186213 0.03126996383070946 0.04164745286107063 0.8091802978515625
1 0.26186429476365447 0.26669150218367577 0.013565937988460064 0.016588084399700165 0.6848992919921875
4 0.7992550330236554 0.6704192347824574 0.0194880161434412 0.038560427725315094 0.7365962982177734
4 0.4434452294372022 0.8138925209641457 0.013299274258315563 0.07602997124195099 0.6312171173095703
4 0.45132217835634947 0.8257288858294487 0.025112947449088097 0.0801917165517807 0.606621437072754
3 0.24754929961636662 0.2661504577845335 0.010097631253302097 0.016072478145360947 0.6935516357421875
