0 0.821982279419899 0.7190794497728348 0.18111935257911682 0.24890723824501038 0.9920579528808594
0 0.35250165313482285 0.39433006197214127 0.12757746875286102 0.17743541300296783 0.9710213470458985
0 0.20308908447623253 0.2914685644209385 0.07136189192533493 0.09007636457681656 0.9674736022949219
0 0.2676217034459114 0.3070647865533829 0.06363062560558319 0.06637623906135559 0.9536993408203125
0 0.6049452275037766 0.4194742366671562 0.13225600123405457 0.1860567182302475 0.9529368591308593
0 0.4147452265024185 0.5059358477592468 0.13544902205467224 0.19454514980316162 0.9336559295654296
0 0.5702262371778488 0.8794403821229935 0.19403406977653503 0.2386719286441803 0.9130575561523437
0 0.47771308571100235 0.6129620000720024 0.1575734168291092 0.22613762319087982 0.8195281219482422
0 0.06388947274535894 0.3081980161368847 0.018729178234934807 0.02925940603017807 0.630020866394043
1 0.37699729576706886 0.3496620189398527 0.02467692643404007 0.03880974277853966 0.9559915924072265
1 0.5830810787156224 0.3677465245127678 0.026398086920380592 0.03411947190761566 0.9223773193359375
1 0.793179651722312 0.6537155602127314 0.04007021710276604 0.05375637486577034 0.918946533203125
1 0.3292642571032047 0.3516679098829627 0.018020756542682648 0.02817976288497448 0.9187416839599609
1 0.8510040435940027 0.6579861398786306 0.038273174315690994 0.04066116735339165 0.8849842834472657
1 0.43975614942610264 0.45877363346517086 0.025885391980409622 0.02873317524790764 0.772177963256836
1 0.44736746698617935 0.5593034829944372 0.03558327257633209 0.0401255302131176 0.7562523651123046
1 0.21687707398086786 0.2668735943734646 0.015955718234181404 0.01759188622236252 0.6952973937988282
1 0.19214747566729784 0.2666164608672261 0.010017776861786842 0.020291024819016457 0.6137131500244141
3 0.6020390037447214 0.8215634059160948 0.039521027356386185 0.05660530552268028 0.8155153656005859
3 0.6300429021939635 0.36468395963311195 0.025460941717028618 0.034338124096393585 0.5960697555541992
4 0.7413412849418819 0.7873969040811062 0.01142857875674963 0.08706020563840866 0.7287333679199218
7 0.2198812235146761 0.2506400737911463 0.03175861015915871 0.05161552503705025 0.6676376342773438
7 0.32948928885161877 0.33363979775458574 0.018259938806295395 0.02321797050535679 0.5960587310791016
8 0.10880321357399225 0.4655866026878357 0.02637614496052265 0.17087078094482422 0.6039656829833985
