0 0.5475606396794319 0.9326367452740669 0.22161979973316193 0.13453318178653717 0.9709547424316406
0 0.41039906442165375 0.48665784299373627 0.13918396830558777 0.1894935667514801 0.9370175933837891
0 0.540237121284008 0.36157068610191345 0.11792688071727753 0.16459494829177856 0.9369648742675781
0 0.18375373631715775 0.30035948380827904 0.0642363578081131 0.07531969994306564 0.9340721893310547
0 0.7287773638963699 0.5579915568232536 0.15636590123176575 0.21122275292873383 0.926282958984375
0 0.5002424493432045 0.677000604569912 0.16266222298145294 0.2304026335477829 0.9062251281738282
0 0.3180251978337765 0.34586653858423233 0.11134015768766403 0.1588301807641983 0.8915172576904297
0 0.3696162477135658 0.41589872539043427 0.1067216545343399 0.16837796568870544 0.8217375183105469
0 0.2451810333877802 0.31623317673802376 0.05343015864491463 0.029652036726474762 0.8144780731201172
1 0.296678664162755 0.3090641116723418 0.015011373907327652 0.02518056146800518 0.8725783538818359
1 0.7032163934782147 0.503241466358304 0.02938047982752323 0.040070030838251114 0.8550541687011719
1 0.5205603362992406 0.3156829234212637 0.016327286139130592 0.025544654577970505 0.8477027130126953
1 0.33519875817000866 0.30632436089217663 0.01460021361708641 0.03237706050276756 0.8339153289794922
1 0.5081341341137886 0.9443515446037054 0.05084635317325592 0.058901410549879074 0.8037309265136718
1 0.5878039319068193 0.9438004679977894 0.03027922287583351 0.04946724325418472 0.7988629913330079
1 0.7542758546769619 0.505707697942853 0.034268252551555634 0.0345442034304142 0.7859165954589844
1 0.2138144443742931 0.296998574398458 0.007710441015660763 0.019405929371714592 0.6841148376464844
1 0.17232481949031353 0.28117165761068463 0.012491639703512192 0.015250877477228642 0.6208830642700195
3 0.5392990428954363 0.31964017637073994 0.016078535467386246 0.018114302307367325 0.7058030700683594
3 0.5276791378855705 0.612967174500227 0.03247474133968353 0.046675167977809906 0.6760252380371093
3 0.43359524849802256 0.44404924660921097 0.026936309412121773 0.02281869947910309 0.6645083618164063
3 0.5613855086266994 0.312778839841485 0.022000186145305634 0.031788069754838943 0.6463797760009765
2 0.10330573096871376 0.26056135445833206 0.06783419102430344 0.14565874636173248 0.5876515579223632
