0 0.8443441540002823 0.761641725897789 0.1874021589756012 0.2605379521846771 0.9903469848632812
0 0.5849233642220497 0.9070604145526886 0.20041729509830475 0.18585652112960815 0.9898187255859375
0 0.3605722486972809 0.40926625579595566 0.13118743896484375 0.184257373213768 0.9833329010009766
0 0.20814700052142143 0.29000450298190117 0.07395141571760178 0.09503128379583359 0.9742582702636718
0 0.6210371926426888 0.4357808604836464 0.13554979860782623 0.19163812696933746 0.9704866027832031
0 0.2731112502515316 0.3047917112708092 0.06521045416593552 0.07308821380138397 0.9690986633300781
0 0.42620307952165604 0.5316860228776932 0.1436150223016739 0.2000879943370819 0.9587325286865235
0 0.49319564551115036 0.6485492140054703 0.1625135987997055 0.23168030381202698 0.9199357604980469
0 0.06389041896909475 0.3086543055251241 0.019148854538798332 0.029332393780350685 0.6813301086425781
1 0.33750048093497753 0.3665923662483692 0.026929792016744614 0.033364810049533844 0.9465360260009765
1 0.8138055969029665 0.6944513823837042 0.04313519969582558 0.053472619503736496 0.9119074249267578
1 0.3821642817929387 0.36308810487389565 0.017647171393036842 0.03736043721437454 0.8998924255371094
1 0.5986177166923881 0.38367257453501225 0.020508257672190666 0.0322272963821888 0.8833283996582031
1 0.8750028368085623 0.699259914457798 0.04034252092242241 0.04012270271778107 0.8761396789550782
1 0.46168918162584305 0.5917930603027344 0.035212770104408264 0.038805246353149414 0.7587244415283203
1 0.22273718426004052 0.26470762491226196 0.01458973903208971 0.0174102783203125 0.7535871887207031
1 0.448408093303442 0.48555673472583294 0.029767386615276337 0.029889311641454697 0.6803942108154297
1 0.6190644018352032 0.8801161739975214 0.041928671300411224 0.061917681246995926 0.6771072387695313
1 0.1953221899457276 0.26535217463970184 0.012131103314459324 0.015954703092575073 0.6561225891113281
4 0.7611990887671709 0.8282409198582172 0.012042108923196793 0.09073565155267715 0.8453723907470703
4 0.3139969129115343 0.4770517386496067 0.016888681799173355 0.049757666885852814 0.7137184143066406
4 0.373831395059824 0.5986245907843113 0.018421776592731476 0.06590796262025833 0.6793537902832031
4 0.9271553996950388 0.8602977227419615 0.01960926130414009 0.04616066440939903 0.6707198333740234
3 0.6470186710357666 0.37872699461877346 0.025234222412109375 0.03554404899477959 0.5560850524902343
