0 0.9078917950391769 0.8868955597281456 0.18239924311637878 0.22527460753917694 0.9905479431152344
0 0.5363315716385841 0.7851359993219376 0.1829453855752945 0.2616550028324127 0.9858390808105468
0 0.22733310982584953 0.2882736064493656 0.07947748154401779 0.10484463721513748 0.9705008697509766
0 0.387771300971508 0.46487488597631454 0.14246593415737152 0.20332257449626923 0.9504698944091797
0 0.6748691871762276 0.5040588155388832 0.14687074720859528 0.21091808378696442 0.9459159851074219
0 0.4686373472213745 0.6281208842992783 0.16077041625976562 0.22568580508232117 0.9295966339111328
0 0.294366292655468 0.29946523159742355 0.06677822768688202 0.07886259257793427 0.9214179992675782
0 0.06391891743987799 0.30802046228200197 0.01930180750787258 0.027062395587563515 0.8415147399902344
1 0.6522950008511543 0.4444993678480387 0.03455759584903717 0.041672516614198685 0.9378903198242188
1 0.8873036615550518 0.8478388376533985 0.04729404300451279 0.06641749292612076 0.9332182312011719
1 0.5036119986325502 0.7220690529793501 0.04019216075539589 0.047799285501241684 0.9092076110839844
1 0.4110240023583174 0.4131082631647587 0.023072656244039536 0.042135901749134064 0.8995071411132812
1 0.21369179198518395 0.2612169645726681 0.014467430301010609 0.01739298552274704 0.8242980194091797
1 0.3600359819829464 0.4189547635614872 0.02455221861600876 0.031654782593250275 0.8164675140380859
1 0.9497315604239702 0.8573731016367674 0.03385550156235695 0.03980537876486778 0.8120038604736328
1 0.49356777034699917 0.5759320259094238 0.0358702652156353 0.03516387939453125 0.8057882690429687
1 0.24150459747761488 0.26441019400954247 0.011988019570708275 0.013823501765727997 0.7038040161132812
1 0.368532313965261 0.4147188998758793 0.031006304547190666 0.038032956421375275 0.6030519485473633
4 0.8283928553573787 0.9660583883523941 0.014608128927648067 0.06704655289649963 0.6391889953613281
4 0.41074031591415405 0.6993535906076431 0.02416706085205078 0.08154132962226868 0.6381758499145508
