0 0.9037056490778923 0.8770991563796997 0.1925504058599472 0.24330782890319824 0.9939967346191406
0 0.5313693135976791 0.7663367688655853 0.18057677149772644 0.25590938329696655 0.9845794677734375
0 0.22488755360245705 0.2856832332909107 0.07942665368318558 0.10873404890298843 0.9627049255371094
0 0.2909107059240341 0.30000772327184677 0.0692313015460968 0.07832472026348114 0.95163818359375
0 0.6674727872014046 0.4928491860628128 0.14727701246738434 0.21147975325584412 0.9498455810546875
0 0.38376183062791824 0.45517003536224365 0.14112819731235504 0.1997915506362915 0.9399182891845703
0 0.4613194614648819 0.613432951271534 0.15421006083488464 0.2226504236459732 0.9342284393310547
0 0.06355184502899647 0.30756501387804747 0.019275721162557602 0.027579328045248985 0.7844300842285157
1 0.36002487502992153 0.4076147582381964 0.03575248643755913 0.04304484650492668 0.9360203552246094
1 0.8783754389733076 0.8256324417889118 0.0461844764649868 0.06364045292139053 0.9181870269775391
1 0.6416324181482196 0.43534144572913647 0.02731355093419552 0.041132327169179916 0.8833916473388672
1 0.406878475099802 0.4055226892232895 0.021131642162799835 0.04148486256599426 0.8772686767578125
1 0.49746260792016983 0.7041791677474976 0.0417950302362442 0.04740250110626221 0.8396749877929688
1 0.21068504871800542 0.260187909938395 0.013683446682989597 0.017447860911488533 0.8008020782470703
1 0.2785146036185324 0.2784510855562985 0.009361584670841694 0.01442879531532526 0.789389877319336
1 0.9388043601065874 0.8353833425790071 0.032818857580423355 0.03894743695855141 0.7796607971191406
1 0.4885721765458584 0.5623909272253513 0.03303610533475876 0.03400517255067825 0.7371511840820313
1 0.6522510489448905 0.4371070582419634 0.030873743817210197 0.03827172890305519 0.6983496856689453
1 0.23854935262352228 0.2635167958214879 0.013649018481373787 0.016105199232697487 0.6471736145019531
4 0.6062818327918649 0.8506677262485027 0.02481606788933277 0.06846906989812851 0.8081752014160156
4 0.8193373722024262 0.9618708491325378 0.012600072659552097 0.07345366477966309 0.6889344024658203
4 0.4069083295762539 0.6910201422870159 0.021314971148967743 0.06650390475988388 0.5867868041992188
3 0.6958428267389536 0.4314164016395807 0.029292870312929153 0.0406501479446888 0.5674996948242188
