0 0.6015099883079529 0.935622937977314 0.20895332098007202 0.12873472273349762 0.9860635375976563
0 0.21343592926859856 0.28818704560399055 0.07613524049520493 0.099305160343647 0.9760299682617187
0 0.369063138961792 0.4257587864995003 0.13419479131698608 0.1864505559206009 0.973931884765625
0 0.2794909402728081 0.30414919555187225 0.06628303229808807 0.0735674798488617 0.9680197143554687
0 0.8679235577583313 0.8077455908060074 0.1956014633178711 0.27247360348701477 0.9664448547363281
0 0.4350457414984703 0.5579844638705254 0.14201532304286957 0.20777647197246552 0.9610054779052735
0 0.5089754611253738 0.6879424974322319 0.1690482199192047 0.23851369321346283 0.925869140625
0 0.6374002546072006 0.45412909239530563 0.1395793855190277 0.19694994390010834 0.8898615264892578
0 0.06495931837707758 0.307927000336349 0.01676718331873417 0.028326189145445824 0.6206573104858398
1 0.39094284549355507 0.37962685339152813 0.0195394828915596 0.03840538486838341 0.9367686462402344
1 0.6142208259552717 0.3975355885922909 0.028819020837545395 0.040353111922740936 0.9337570953369141
1 0.3441407261416316 0.38132485188543797 0.027188396081328392 0.03694336488842964 0.906054458618164
1 0.8328878916800022 0.7380285710096359 0.04274953156709671 0.060822099447250366 0.9025559997558594
1 0.47596089355647564 0.6301406864076853 0.033473458141088486 0.04263870790600777 0.8862953186035156
1 0.898799343034625 0.7420766819268465 0.04137369617819786 0.04449949041008949 0.8708047485351562
1 0.2471418478526175 0.2648992408066988 0.009017308242619038 0.018046710640192032 0.8442041015625
1 0.46206273697316647 0.5088696032762527 0.03552834317088127 0.03439715504646301 0.8433444976806641
1 0.2284901002421975 0.2657220414839685 0.012674840167164803 0.015324543230235577 0.7888239288330078
1 0.2008873480372131 0.26443096017464995 0.011944166384637356 0.014300565235316753 0.7568230438232422
1 0.623142659664154 0.39986440539360046 0.026368141174316406 0.03481292724609375 0.7003823852539063
1 0.4510544706135988 0.5020838994532824 0.04195455089211464 0.04686946049332619 0.6621648406982422
4 0.7811133819632232 0.8861405812203884 0.010860315524041653 0.06796061247587204 0.7666238403320312
4 0.32182371616363525 0.49336703307926655 0.017319202423095703 0.048975203186273575 0.6236391067504883
4 0.3848800100386143 0.6319199446588755 0.01972115784883499 0.05930786207318306 0.6109564208984375
3 0.6380536947399378 0.9413606561720371 0.04392560198903084 0.06290090829133987 0.7422576141357422
3 0.6646043499931693 0.39619215205311775 0.028752772137522697 0.039273835718631744 0.6642592620849609
