0 0.9016033858060837 0.8722576051950455 0.19679316878318787 0.2554718554019928 0.98672607421875
0 0.5292320251464844 0.7568116188049316 0.17923253774642944 0.2530277967453003 0.9843925476074219
0 0.22308296337723732 0.2852502129971981 0.07865554839372635 0.1077408716082573 0.982598876953125
0 0.3828357458114624 0.45233535021543503 0.14078420400619507 0.19719843566417694 0.9725186157226563
0 0.2892264388501644 0.30019649490714073 0.06760995835065842 0.07822047919034958 0.967591552734375
0 0.45853178203105927 0.6068406775593758 0.1549023687839508 0.2219225913286209 0.9407561492919921
0 0.6641524732112885 0.4887910261750221 0.14463526010513306 0.20724232494831085 0.9243914031982422
0 0.06389107462018728 0.3075271574780345 0.018537668511271477 0.02686137519776821 0.8061819458007813
3 0.2767436085268855 0.27928208839148283 0.009653663262724876 0.00933091901242733 0.9601769256591797
3 0.6921206079423428 0.42549142986536026 0.02758871763944626 0.03821702301502228 0.648721923828125
1 0.4060268187895417 0.4018225595355034 0.021340148523449898 0.04157339036464691 0.9464706420898438
1 0.35966780595481396 0.40400611609220505 0.03341430053114891 0.04216031730175018 0.9202397155761719
1 0.49557885713875294 0.694580091163516 0.041313234716653824 0.0464036725461483 0.9198638153076172
1 0.2100906460545957 0.25957540422677994 0.013957547955214977 0.017291739583015442 0.9101074981689453
1 0.8728148508816957 0.8158128708600998 0.04771474376320839 0.06503137946128845 0.9007546997070313
1 0.9398802947252989 0.8233733009546995 0.04454180225729942 0.0425693653523922 0.8915660095214843
1 0.6385221565142274 0.43087158538401127 0.02851797826588154 0.04083814099431038 0.8784916687011719
1 0.48542056418955326 0.5555270351469517 0.03495486453175545 0.03311360627412796 0.8097394561767578
1 0.2375382762402296 0.26489314110949636 0.013931211084127426 0.014545016922056675 0.7978133392333985
1 0.26069852290675044 0.27468140237033367 0.010228029452264309 0.02401139959692955 0.6095940017700195
4 0.6033457480370998 0.8418037630617619 0.02480589598417282 0.06484539061784744 0.7056978607177734
