0 0.7409424334764481 0.5753920301795006 0.15965035557746887 0.2169937938451767 0.9828770446777344
0 0.5638302862644196 0.9498094841837883 0.19914108514785767 0.09870396554470062 0.9826985168457031
0 0.18644363805651665 0.29934828728437424 0.06665530055761337 0.07762233912944794 0.975008544921875
0 0.5093874558806419 0.7014158815145493 0.16337411105632782 0.23356136679649353 0.9705435943603515
0 0.5471720583736897 0.3675711378455162 0.1207977905869484 0.16688786447048187 0.9612630462646484
0 0.41902416944503784 0.5024202316999435 0.14153045415878296 0.19233772158622742 0.9430570220947265
0 0.3212094195187092 0.3515864387154579 0.1154702678322792 0.16101165115833282 0.9288682556152343
0 0.24669990129768848 0.3179272823035717 0.057331595569849014 0.042929671704769135 0.8988925170898437
0 0.3739750310778618 0.42670847475528717 0.10902909934520721 0.16879013180732727 0.8785686492919922
3 0.5372120067477226 0.6367158945649862 0.034130796790122986 0.048949968069791794 0.9393429565429687
3 0.5474065029993653 0.32311429269611835 0.01661803014576435 0.01953772082924843 0.8712959289550781
3 0.5698167122900486 0.3184746690094471 0.022199757397174835 0.029430784285068512 0.7316683197021484
1 0.30155649362131953 0.31408032961189747 0.01396977063268423 0.024572018533945084 0.9381009674072266
1 0.7149722464382648 0.5191954076290131 0.03130397945642471 0.043493032455444336 0.9203511047363281
1 0.7663089949637651 0.519626397639513 0.03511149063706398 0.03813866525888443 0.9060694885253906
1 0.5279265204444528 0.3210754254832864 0.017437012866139412 0.02882489748299122 0.8782085418701172
1 0.5926306247711182 0.9784759692847729 0.028942108154296875 0.04279287904500961 0.8692500305175781
1 0.3408333696424961 0.3123243134468794 0.01700795441865921 0.034745391458272934 0.8560878753662109
1 0.5092904288321733 0.9779886472970247 0.04013210907578468 0.04155668988823891 0.7668529510498047
1 0.17504062969237566 0.2792487619444728 0.012610578909516335 0.018720781430602074 0.5679304122924804
