0 0.5950866192579269 0.9439833611249924 0.22528085112571716 0.11031505465507507 0.9837708282470703
0 0.25993233174085617 0.29841723665595055 0.08512018620967865 0.11471297591924667 0.9811661529541016
0 0.5436406806111336 0.828420951962471 0.18672628700733185 0.2686120569705963 0.9783512115478515
0 0.7714594602584839 0.6383609995245934 0.17241859436035156 0.24999909102916718 0.9780410766601563
0 0.4314044564962387 0.5804611593484879 0.16319647431373596 0.2364960014820099 0.9664441680908203
0 0.3289256952702999 0.2916031666100025 0.06681477278470993 0.09194336086511612 0.9605364990234375
0 0.06339259445667267 0.3082739319652319 0.01951759308576584 0.028675418347120285 0.6705424499511718
1 0.4027422834187746 0.5271206926554441 0.0402851440012455 0.0445224903523922 0.9384390258789063
1 0.5760125275701284 0.7679523807018995 0.04154033586382866 0.04635190591216087 0.9353424072265625
1 0.2449939250946045 0.26610080525279045 0.014581680297851562 0.018903039395809174 0.9248722839355469
1 0.7466553449630737 0.571838341653347 0.040932655334472656 0.04814939200878143 0.8959911346435547
1 0.27625771751627326 0.2703870367258787 0.013274955563247204 0.014905180782079697 0.8943408966064453
1 0.4579688310623169 0.5225112996995449 0.024086952209472656 0.0480838343501091 0.8913771820068359
1 0.5559236127883196 0.9743436723947525 0.04793078079819679 0.04861834645271301 0.834483871459961
4 0.3750307895243168 0.6662799306213856 0.019979126751422882 0.06273583322763443 0.7126194763183594
3 0.26021611876785755 0.2698148316703737 0.012073103338479996 0.013565684668719769 0.6479119873046875
3 0.8045390248298645 0.5666663274168968 0.03825187683105469 0.050696536898612976 0.5851014709472656
