0 0.5373179614543915 0.8945860490202904 0.20938682556152344 0.21057157218456268 0.9161151885986328
0 0.17742042802274227 0.3060191385447979 0.06243843957781792 0.06736274808645248 0.65619384765625
0 0.3545176014304161 0.3949878662824631 0.09892486035823822 0.1631588637828827 0.5774474716186524
1 0.5757591165602207 0.8631317056715488 0.03011811524629593 0.04694462567567825 0.9036073303222656
1 0.6778069380670786 0.4710564035922289 0.028684426099061966 0.0399588979780674 0.8650723266601562
1 0.49859663285315037 0.8595640119165182 0.037247467786073685 0.046722184866666794 0.8536106872558594
1 0.32510300632566214 0.2984395660459995 0.015909893438220024 0.03446895629167557 0.8535704040527343
1 0.2867398480884731 0.2996126590296626 0.013269170187413692 0.024076616391539574 0.8204859161376953
1 0.504034002777189 0.3063093675300479 0.01526657771319151 0.023869266733527184 0.7743630218505859
1 0.36909306421875954 0.41375301498919725 0.023861058056354523 0.01905670203268528 0.6138671493530273
2 0.10277463123202324 0.2607806921005249 0.06801425665616989 0.14641651511192322 0.7520626068115235
3 0.4145362339913845 0.4171775495633483 0.025402896106243134 0.02064274065196514 0.5612360763549805
