0 0.9059560596942902 0.8829169869422913 0.18756669759750366 0.23320984840393066 0.994942398071289
0 0.5335277915000916 0.7762093544006348 0.18290716409683228 0.2546626329421997 0.9830085754394531
0 0.2257867567241192 0.2870848849415779 0.08021842688322067 0.10572077333927155 0.9755084228515625
0 0.2921346388757229 0.2997528724372387 0.06892811506986618 0.07866468280553818 0.9569801330566406
0 0.3860923573374748 0.45964355766773224 0.14142535626888275 0.20230427384376526 0.9559097290039062
0 0.6709797456860542 0.4981006532907486 0.14615561068058014 0.20950809121131897 0.9547500610351562
0 0.46381372958421707 0.6207153797149658 0.1562339812517166 0.22427916526794434 0.9129906463623046
0 0.06363369897007942 0.3083506338298321 0.019146449863910675 0.03025176376104355 0.5990502166748047
1 0.5007517673075199 0.7130943592637777 0.041077740490436554 0.04753531143069267 0.950445556640625
1 0.36160541139543056 0.41215203516185284 0.03334779664874077 0.04063477739691734 0.9398665618896485
1 0.8818443771451712 0.8366271145641804 0.050256919115781784 0.0644601359963417 0.9286107635498047
1 0.6490247566252947 0.4404173456132412 0.031956735998392105 0.04189746826887131 0.9222994995117187
1 0.409030775539577 0.40949620492756367 0.025414785370230675 0.04206785932183266 0.9166780853271485
1 0.21156197972595692 0.261049241758883 0.012955490499734879 0.016313793137669563 0.8842027282714844
1 0.49076822213828564 0.5686976481229067 0.035833295434713364 0.03609946742653847 0.8772801208496094
1 0.9508556891232729 0.8454595003277063 0.04585793986916542 0.04171498492360115 0.8184504699707031
1 0.2396550071425736 0.26374038914218545 0.01227534655481577 0.014965650625526905 0.8038372802734375
4 0.8246615333482623 0.9568532519042492 0.016303380951285362 0.08450492471456528 0.6517542266845703
4 0.4086764333769679 0.6929954588413239 0.02417430840432644 0.07829278707504272 0.579193115234375
