0 0.8357148617506027 0.7443849891424179 0.18480059504508972 0.25666341185569763 0.9934425354003906
0 0.35705938935279846 0.40300948172807693 0.12978321313858032 0.18298251926898956 0.9810289764404296
0 0.20627672970294952 0.2906007692217827 0.07171127200126648 0.09256990253925323 0.9768419647216797
0 0.5785496085882187 0.8960064649581909 0.19828328490257263 0.20741379261016846 0.9713397216796875
0 0.6145761758089066 0.42981158196926117 0.1347908079624176 0.18962588906288147 0.9690955352783203
0 0.27090591564774513 0.3050197772681713 0.06445775181055069 0.07090821117162704 0.9634053039550782
0 0.42258410155773163 0.5215308144688606 0.1409464180469513 0.19948168098926544 0.9324881744384765
0 0.48716744780540466 0.6339334845542908 0.15934139490127563 0.23190844058990479 0.8776190185546875
0 0.0639061825349927 0.30861874856054783 0.019085856154561043 0.030640948563814163 0.6786979675292969
1 0.33300018683075905 0.35952508077025414 0.02393067628145218 0.03566210716962814 0.9396462249755859
1 0.37893012538552284 0.3586193583905697 0.020208485424518585 0.03859560936689377 0.9137994384765625
1 0.5922362841665745 0.3764477279037237 0.02688325196504593 0.0359598807990551 0.8885960388183594
1 0.8050774373114109 0.6756352260708809 0.03957570344209671 0.0550011545419693 0.8826319885253906
1 0.8633081000298262 0.6816768571734428 0.036677297204732895 0.04281316697597504 0.7623516845703125
1 0.19378685066476464 0.2666598940268159 0.013108921237289906 0.01718546636402607 0.7359755706787109
1 0.456167234107852 0.580702917650342 0.0348486565053463 0.04020741954445839 0.7232335662841797
1 0.21930135181173682 0.2661792226135731 0.013919639401137829 0.018389977514743805 0.6646228790283203
4 0.7532151858322322 0.8076001368463039 0.011248334310948849 0.09686946123838425 0.8843935394287109
4 0.17754160752519965 0.32646522391587496 0.009025382809340954 0.021671125665307045 0.7136215209960938
7 0.3336530327796936 0.3441442809998989 0.017796993255615234 0.02645450085401535 0.610504264831543
