0 0.7524600401520729 0.5945514962077141 0.1613904982805252 0.22152529656887054 0.9894873809814453
0 0.5550613924860954 0.3738044276833534 0.1208827942609787 0.1713963896036148 0.9883799743652344
0 0.5176358669996262 0.7265253067016602 0.1681622564792633 0.2394179105758667 0.9873454284667968
0 0.18825163692235947 0.29714981466531754 0.06745271384716034 0.0803377777338028 0.9854299926757812
0 0.5564731657505035 0.9688174929469824 0.15839523077011108 0.061947744339704514 0.9658882904052735
0 0.4282783269882202 0.5170168057084084 0.14387840032577515 0.19691123068332672 0.9650601959228515
0 0.38385528326034546 0.4375329688191414 0.11747884750366211 0.17257650196552277 0.9471584320068359
0 0.3271998129785061 0.3576902821660042 0.11548744887113571 0.1633271723985672 0.9448098754882812
0 0.2507863137871027 0.31821511685848236 0.058447886258363724 0.04642048478126526 0.9445826721191406
1 0.3061902183108032 0.3175528310239315 0.014685980044305325 0.0260806605219841 0.9389826965332031
1 0.7273326404392719 0.5349220409989357 0.03404102474451065 0.046173885464668274 0.9228459930419922
1 0.34549619536846876 0.31711841002106667 0.01442251168191433 0.033285804092884064 0.9098725128173828
1 0.5368591863662004 0.32747064903378487 0.02238709107041359 0.02740410715341568 0.8608001708984375
1 0.7787906043231487 0.5382774397730827 0.03495731204748154 0.035779938101768494 0.8188761901855469
1 0.5471656527370214 0.6589966099709272 0.034514110535383224 0.050027068704366684 0.6713646697998047
1 0.17591714346781373 0.27822275599464774 0.012457211501896381 0.013817879371345043 0.665352554321289
3 0.424536214210093 0.4701494490727782 0.01937917061150074 0.02377842180430889 0.714638671875
3 0.5786793548613787 0.3239322705194354 0.021626535803079605 0.03122999332845211 0.6239135360717774
4 0.5878435214981437 0.8234955435618758 0.01980539970099926 0.029187632724642754 0.6990958404541016
5 0.43217844143509865 0.5566663891077042 0.04342664033174515 0.02106204628944397 0.6033447265625
