0 0.30022741109132767 0.32266779243946075 0.09800459444522858 0.12965014576911926 0.9825092315673828
0 0.3584362007677555 0.28893982991576195 0.06864172965288162 0.09914081543684006 0.979586181640625
0 0.8879136368632317 0.8259616196155548 0.20457445085048676 0.29924434423446655 0.9779830169677735
0 0.4840652421116829 0.7500738948583603 0.19066251814365387 0.27944788336753845 0.9764688873291015
0 0.06364508252590895 0.3086083475500345 0.019120967015624046 0.03039245679974556 0.8270477294921875
0 0.5969915986061096 0.9705785103142262 0.15184926986694336 0.057427920401096344 0.7732823944091797
1 0.44969269819557667 0.6864056382328272 0.04578692093491554 0.05819447711110115 0.9657442474365234
1 0.5174942221492529 0.6816088762134314 0.034183185547590256 0.055699270218610764 0.9335181427001953
1 0.859395956620574 0.7448831703513861 0.048265647143125534 0.0564262680709362 0.9239134979248047
1 0.2844996196217835 0.2886226149275899 0.01434148196130991 0.019127005711197853 0.8549293518066406
1 0.3181866966187954 0.2920457748696208 0.016753070056438446 0.017475014552474022 0.771241455078125
4 0.8026489932090044 0.9095911867916584 0.011791292577981949 0.08853838592767715 0.8045186614990234
