0 0.18885314092040062 0.29664111137390137 0.0683511421084404 0.0809217095375061 0.9850502777099609
0 0.5579487904906273 0.3752638176083565 0.12344048917293549 0.17217548191547394 0.9842459869384765
0 0.32754604145884514 0.3594321385025978 0.11686309427022934 0.16428948938846588 0.9759292602539062
0 0.7557212635874748 0.6005980148911476 0.16232655942440033 0.22225166857242584 0.9738156890869141
0 0.5211512669920921 0.7352393716573715 0.16859035193920135 0.24470040202140808 0.9659318542480468
0 0.2512726243585348 0.31690109707415104 0.05892268940806389 0.047982532531023026 0.9633531951904297
0 0.4297173395752907 0.522906556725502 0.14541037380695343 0.19789835810661316 0.9614908599853516
0 0.3858579061925411 0.44047145545482635 0.11812251061201096 0.17299756407737732 0.9572989654541015
0 0.5563826933503151 0.9748174212872982 0.15135790407657623 0.04703968018293381 0.9552393341064453
1 0.3068475783802569 0.3189525492489338 0.015225601382553577 0.025688566267490387 0.9379924774169922
1 0.7292606588453054 0.5404940955340862 0.03401679918169975 0.04966261237859726 0.9357775115966797
1 0.3464153786189854 0.31782502867281437 0.015027777291834354 0.03413577750325203 0.9258882141113282
1 0.7821309398859739 0.5431176964193583 0.03747507557272911 0.03968941047787666 0.8710298156738281
1 0.5500966478139162 0.6683064009994268 0.03550342097878456 0.050214868038892746 0.7636325836181641
1 0.5382548607885838 0.3279417483136058 0.02107299119234085 0.02925700508058071 0.7149155426025391
1 0.176669267937541 0.2768442980013788 0.01507013663649559 0.014645527116954327 0.6798655700683593
2 0.10311377421021461 0.26093071699142456 0.06868759542703629 0.14661595225334167 0.6517535400390625
3 0.45309669990092516 0.4769268948584795 0.030533695593476295 0.024036888033151627 0.6094580459594726
3 0.58104891423136 0.3248730907216668 0.021074550226330757 0.03004235215485096 0.5592267608642578
