0 0.7969672158360481 0.6705298200249672 0.17490889132022858 0.23916812241077423 0.9908054351806641
0 0.587033785879612 0.4004785716533661 0.1279108077287674 0.18224620819091797 0.9826657867431641
0 0.34232044965028763 0.37950773537158966 0.1229822188615799 0.1721530258655548 0.9805210876464844
0 0.5512503460049629 0.8319403976202011 0.18400366604328156 0.26542195677757263 0.9749250793457032
0 0.19781117141246796 0.2930271737277508 0.07096552848815918 0.08833932131528854 0.9721589660644532
0 0.40577705204486847 0.4768773689866066 0.1308736503124237 0.18519718945026398 0.9707071685791016
0 0.2613148111850023 0.3098940569907427 0.06134108081459999 0.059720102697610855 0.9424607849121094
0 0.4599466398358345 0.5750939399003983 0.15386416018009186 0.2110607922077179 0.8867952728271484
1 0.8242326583713293 0.6123723573982716 0.03828207775950432 0.03812996298074722 0.9425497436523438
1 0.3194954888895154 0.33918588515371084 0.02003113366663456 0.029992563650012016 0.9360007476806641
1 0.7681624926626682 0.6079125758260489 0.03770459443330765 0.04908187314867973 0.9279497528076172
1 0.5640789745375514 0.3509980486705899 0.02041778527200222 0.030016610398888588 0.9098935699462891
1 0.36383761558681726 0.33649697341024876 0.01838448829948902 0.03580116108059883 0.8843186187744141
1 0.18580866139382124 0.2693538349121809 0.010313129052519798 0.016128059476614 0.800676498413086
1 0.5881298063322902 0.3462978657335043 0.019385909661650658 0.0346803180873394 0.6654876708984375
1 0.4313896596431732 0.523067669942975 0.029453277587890625 0.03179541602730751 0.6301786422729492
1 0.5821470096707344 0.7593985199928284 0.03881002962589264 0.05367934703826904 0.6082682800292969
1 0.3277029888704419 0.3383737374097109 0.029365697875618935 0.029108259826898575 0.6004369354248047
4 0.7191888689994812 0.7320775724947453 0.0118408203125 0.09069270640611649 0.8341843414306641
4 0.4857429005205631 0.9228702299296856 0.028681404888629913 0.08236875385046005 0.7638607788085937
4 0.2981610097922385 0.4415440075099468 0.014304001815617085 0.044165097177028656 0.65968994140625
4 0.8730487739667296 0.7625192664563656 0.016746265813708305 0.04042070358991623 0.6350995254516602
3 0.6108750505372882 0.3462896514683962 0.022510847076773643 0.031681571155786514 0.6519149780273438
