0 0.5564200505614281 0.8643752634525299 0.1926257461309433 0.2662748694419861 0.9858261108398437
0 0.44077328592538834 0.6056693866848946 0.1672104150056839 0.24509300291538239 0.9759143829345703
0 0.26594051718711853 0.3010699637234211 0.08783769607543945 0.11736012250185013 0.957487564086914
0 0.602080337703228 0.9710102938115597 0.15848420560359955 0.057290367782115936 0.9412123870849609
0 0.7909667789936066 0.6671560853719711 0.17717832326889038 0.2604505717754364 0.901063461303711
0 0.33483707159757614 0.2907378189265728 0.06588105857372284 0.09288587421178818 0.8445294189453125
0 0.06298861559480429 0.3090131273493171 0.019930517300963402 0.02892744354903698 0.6552543640136719
1 0.41072787530720234 0.5517984498292208 0.04205802455544472 0.0482923723757267 0.9638829803466797
1 0.46864025201648474 0.5465671271085739 0.02807709388434887 0.050804704427719116 0.8972462463378906
1 0.25199562404304743 0.2682985942810774 0.014778884127736092 0.019648488610982895 0.8878958129882812
1 0.7644243910908699 0.5990109499543905 0.04321219027042389 0.04896200820803642 0.8856483459472656
1 0.5889835748821497 0.8064796589314938 0.04139264300465584 0.0426517054438591 0.7691558837890625
