0 0.8174885585904121 0.7107464373111725 0.18015219271183014 0.24633997678756714 0.9903312683105469
0 0.5669348165392876 0.8740267753601074 0.19318316876888275 0.2512176036834717 0.9879487609863281
0 0.35086166858673096 0.39186009019613266 0.12610763311386108 0.17654071748256683 0.9749797821044922
0 0.6014180108904839 0.4166312590241432 0.1312997192144394 0.18608660995960236 0.9733771514892579
0 0.2663981765508652 0.30751360207796097 0.06258034706115723 0.06452865898609161 0.9564141845703125
0 0.2019847072660923 0.29197174683213234 0.07200560718774796 0.09014449268579483 0.950539321899414
0 0.4150015562772751 0.498100683093071 0.135707288980484 0.1965496838092804 0.9330914306640625
0 0.47488608956336975 0.605886660516262 0.15638256072998047 0.22145430743694305 0.8339509582519531
0 0.06443209480494261 0.3083640206605196 0.01837417297065258 0.02828100696206093 0.6846353149414063
1 0.3269156413152814 0.3504755571484566 0.02047363854944706 0.03156961500644684 0.9354374694824219
1 0.37260311655700207 0.3474009856581688 0.021371301263570786 0.03842954337596893 0.9242707061767578
1 0.5798483686521649 0.36315382830798626 0.023619333282113075 0.03512468561530113 0.8807000732421875
1 0.8464012537151575 0.6484533417969942 0.03927167132496834 0.044929955154657364 0.8782454681396484
1 0.7882747165858746 0.6470681242644787 0.036519430577754974 0.051451168954372406 0.87395751953125
1 0.44548722729086876 0.5510511994361877 0.03358828276395798 0.04055893421173096 0.8269817352294921
1 0.18995929462835193 0.2679487159475684 0.012010320089757442 0.016401587054133415 0.6695336151123047
1 0.43611536640673876 0.4565871078521013 0.03000631369650364 0.02824503555893898 0.649258041381836
7 0.328253916464746 0.3321201931685209 0.01795981638133526 0.023390140384435654 0.8419115447998047
3 0.5988817885518074 0.8104165457189083 0.038920655846595764 0.05580370873212814 0.7879316711425781
3 0.5998959382995963 0.3665382508188486 0.01821371726691723 0.021399009972810745 0.673530502319336
3 0.6274478789418936 0.36088751070201397 0.02421111986041069 0.0314457081258297 0.6293133926391602
4 0.7379179797135293 0.7792787551879883 0.011344592086970806 0.07906556129455566 0.6669844055175781
4 0.8964837472885847 0.8059765752404928 0.019007619470357895 0.04307974502444267 0.6051396560668946
