0 0.5853851065039635 0.9268004596233368 0.2216208428144455 0.14572471380233765 0.9825345611572266
0 0.4261687472462654 0.5628827810287476 0.1612747460603714 0.2304043173789978 0.980235595703125
0 0.2545677646994591 0.2972879223525524 0.08550767600536346 0.11289887875318527 0.977154541015625
0 0.32401376590132713 0.29263322427868843 0.06792723387479782 0.08929098397493362 0.954372787475586
0 0.7570060044527054 0.6162739098072052 0.16850510239601135 0.2452772855758667 0.943043212890625
0 0.5341322869062424 0.7980623245239258 0.18176034092903137 0.2637512683868408 0.9353256225585938
0 0.064747991040349 0.30782520957291126 0.017346132546663284 0.026540402323007584 0.6440998077392578
1 0.24064834229648113 0.26471394393593073 0.013481315225362778 0.016793908551335335 0.91814453125
1 0.5661413110792637 0.7381756640970707 0.03768552094697952 0.04071027785539627 0.9084323883056641
1 0.2707907557487488 0.2690057344734669 0.014129161834716797 0.015831388533115387 0.8818846893310547
1 0.7318768817931414 0.5519320722669363 0.04120928421616554 0.04886825010180473 0.879625473022461
1 0.546541178599 0.9360312465578318 0.05286054685711861 0.05425064638257027 0.8765725708007812
1 0.45091620925813913 0.5067580230534077 0.02348448522388935 0.046122290194034576 0.8300408935546875
1 0.3940199036151171 0.509960975497961 0.03176838532090187 0.04068552702665329 0.8128551483154297
1 0.3081964096054435 0.26861718110740185 0.010782686993479729 0.013431068509817123 0.7558377075195313
4 0.8283541714772582 0.7139612846076488 0.019639713689684868 0.03785773366689682 0.7079985809326171
4 0.46895451936870813 0.8904251083731651 0.025007756426930428 0.07958142459392548 0.6577234649658203
4 0.45927922520786524 0.8706684112548828 0.00993541069328785 0.08904051780700684 0.6097599411010742
8 0.10913025122135878 0.46583399921655655 0.02725503407418728 0.17104478180408478 0.6321965408325195
