0 0.5461933240294456 0.8249418884515762 0.19253413379192352 0.2682901918888092 0.9851155853271485
0 0.9167300760746002 0.9082429111003876 0.1650295853614807 0.1815447211265564 0.9842704010009765
0 0.6902375146746635 0.522849328815937 0.15151964128017426 0.21806247532367706 0.9699014282226562
0 0.479891374707222 0.6579090654850006 0.16087916493415833 0.23349660634994507 0.9603701782226562
0 0.23144032433629036 0.2899303138256073 0.08088696748018265 0.10555428266525269 0.9595480346679688
0 0.3945332318544388 0.4816043749451637 0.1435975730419159 0.20683439075946808 0.9102390289306641
0 0.2999585121870041 0.29778382554650307 0.06790712475776672 0.08124370127916336 0.883865966796875
0 0.06409682705998421 0.30866244435310364 0.0184742733836174 0.030333399772644043 0.6931549072265625
1 0.9079572800546885 0.8941270746290684 0.05151348188519478 0.07026875764131546 0.9250993347167968
1 0.9766313508152962 0.8999373149126768 0.04349161684513092 0.0511905811727047 0.9235895538330078
1 0.4195463676005602 0.4299072418361902 0.025665823370218277 0.043267566710710526 0.9048119354248046
1 0.37000122107565403 0.4326009452342987 0.036431122571229935 0.041392743587493896 0.8884743499755859
1 0.5115047860890627 0.7585380207747221 0.04334977641701698 0.04618134722113609 0.8828357696533203
1 0.6639160308986902 0.46269601956009865 0.031869251281023026 0.04132229834794998 0.865267562866211
1 0.2178787449374795 0.2627548100426793 0.014136584475636482 0.017313921824097633 0.8283042907714844
1 0.5073654837906361 0.6024714224040508 0.03338966518640518 0.03658904880285263 0.7878831481933594
1 0.6849272763356566 0.45453045330941677 0.020292026922106743 0.03883887454867363 0.7003755187988281
1 0.24699508072808385 0.26462391624227166 0.012288221158087254 0.015544128604233265 0.6043556976318359
4 0.42422270216047764 0.7343070581555367 0.020913410931825638 0.07975305616855621 0.6891961669921876
4 0.6261897645890713 0.9099043719470501 0.027088992297649384 0.07573225349187851 0.6809037780761719
4 0.476660112850368 0.9254640080034733 0.02754100225865841 0.06677991896867752 0.6667996978759766
