0 0.8994966074824333 0.8504053503274918 0.20100675523281097 0.29477980732917786 0.9884365844726563
0 0.3618418872356415 0.289934691041708 0.0698847770690918 0.10071142762899399 0.9881503295898437
0 0.3067985661327839 0.32838207483291626 0.10011664777994156 0.13276934623718262 0.9862507629394531
0 0.4918533265590668 0.7782884836196899 0.19537442922592163 0.2866874933242798 0.978651123046875
0 0.06391096953302622 0.3089960152283311 0.019302526488900185 0.028696583583950996 0.7029311370849609
1 0.45624805614352226 0.7149990554898977 0.049057863652706146 0.05798644945025444 0.9704435729980468
1 0.5241263825446367 0.7083243448287249 0.033856455236673355 0.058729950338602066 0.9508870697021484
1 0.8765299394726753 0.7766225636005402 0.04804827272891998 0.058147966861724854 0.9505391693115235
1 0.29102382250130177 0.2923105377703905 0.014451567083597183 0.020070139318704605 0.9326448059082031
4 0.4233088195323944 0.8850287012755871 0.02416086196899414 0.0702107772231102 0.7013291931152343
4 0.387640031054616 0.33425998594611883 0.012808863073587418 0.014840839430689812 0.6588905334472657
4 0.34749519638717175 0.3829535199329257 0.015005048364400864 0.021571209654211998 0.6486629486083985
