0 0.5760872438549995 0.8906164318323135 0.19723154604434967 0.21746984124183655 0.9866517639160156
0 0.83134975284338 0.7356224805116653 0.1834665983915329 0.2526991665363312 0.9853969573974609
0 0.20543277636170387 0.2909490689635277 0.0709761455655098 0.0913235992193222 0.9743829345703126
0 0.3555413857102394 0.3997131586074829 0.12900365889072418 0.1800394058227539 0.9656855773925781
0 0.2698097974061966 0.306674312800169 0.06366327404975891 0.06756880134344101 0.9626455688476563
0 0.41965025663375854 0.5152281001210213 0.1402149200439453 0.19667203724384308 0.9372312164306641
0 0.6107282564043999 0.42652279883623123 0.1337669938802719 0.1881900578737259 0.9102688598632812
0 0.4840935543179512 0.6272305622696877 0.159492626786232 0.22632558643817902 0.9004438781738281
0 0.06414159946143627 0.3077103281393647 0.017966698855161667 0.0281690526753664 0.7235971832275391
1 0.3308087233453989 0.35757919400930405 0.020455647259950638 0.03300885856151581 0.9486283874511718
1 0.8599131349474192 0.671103784814477 0.038785744458436966 0.047459978610277176 0.9251426696777344
1 0.8014065306633711 0.6685361582785845 0.037557538598775864 0.05426019802689552 0.9159918975830078
1 0.5884204702451825 0.37242985516786575 0.026167551055550575 0.036842599511146545 0.9142404937744141
1 0.37761810794472694 0.35498517379164696 0.02083504945039749 0.037629954516887665 0.9061396789550781
1 0.19343056762591004 0.26643356774002314 0.010858614929020405 0.020766081288456917 0.837282943725586
1 0.4525688849389553 0.5729740224778652 0.03602539747953415 0.040619008243083954 0.8264986419677735
1 0.4426060803234577 0.4691846165806055 0.036229707300662994 0.031910140067338943 0.7674531555175781
1 0.2188644241541624 0.26639075856655836 0.014679845422506332 0.017551874741911888 0.7178227996826172
4 0.7492230692878366 0.8052400201559067 0.011570485308766365 0.08530697226524353 0.70412109375
4 0.1768062124028802 0.3259026873856783 0.008779080584645271 0.02193060889840126 0.6155325317382813
3 0.6358105819672346 0.37035938911139965 0.024743016809225082 0.032990094274282455 0.5571737289428711
