0 0.5841220170259476 0.9261721521615982 0.21313199400901794 0.1471945345401764 0.9928136444091797
0 0.8482495322823524 0.761106938123703 0.1926005631685257 0.2838287949562073 0.9906880950927734
0 0.28605255484580994 0.3136841170489788 0.09465023875236511 0.12306394428014755 0.9791681671142578
0 0.4661213755607605 0.6903012841939926 0.17962080240249634 0.25948259234428406 0.9765251922607422
0 0.3479772321879864 0.28945785388350487 0.06877794116735458 0.09674634784460068 0.9674993133544922
0 0.06374155357480049 0.3086815234273672 0.018906839191913605 0.029176246374845505 0.7510532379150391
1 0.43439836986362934 0.6309997662901878 0.045918021351099014 0.05592481791973114 0.9588075256347657
1 0.4976712819188833 0.6278523001819849 0.03176088258624077 0.053103525191545486 0.9318504333496094
1 0.27029067277908325 0.27920189686119556 0.015131235122680664 0.01969194784760475 0.928061752319336
1 0.8214738573879004 0.6840319242328405 0.04377714917063713 0.05416683480143547 0.9171965026855469
1 0.6203737147152424 0.9394255243241787 0.04880867153406143 0.05408167093992233 0.8434619903564453
1 0.30346736731007695 0.2823204789310694 0.015144952572882175 0.01786770299077034 0.7564964294433594
4 0.7687597116455436 0.8319092877209187 0.013776270672678947 0.10362289100885391 0.7713764953613281
4 0.3245962280780077 0.36413136404007673 0.013628069311380386 0.022494619712233543 0.6854277801513672
4 0.9293806040659547 0.8644226547330618 0.023979442194104195 0.05526382848620415 0.6137429046630859
4 0.5351632554084063 0.7876159939914942 0.019054953008890152 0.04976077750325203 0.6101715087890625
8 0.10890710726380348 0.465527780354023 0.026585690677165985 0.1720888763666153 0.6084357452392578
3 0.8856555465608835 0.6780607812106609 0.046193886548280716 0.059354089200496674 0.5806802368164062
