0 0.8090900927782059 0.6931679993867874 0.17786923050880432 0.24688556790351868 0.9901412200927734
0 0.5608793646097183 0.8624934405088425 0.19041064381599426 0.2662677466869354 0.9805425262451172
0 0.5948542878031731 0.410539411008358 0.12948070466518402 0.1832125037908554 0.9754648590087891
0 0.3465482220053673 0.3865579515695572 0.12342481315135956 0.1742478311061859 0.9742021942138672
0 0.1998833306133747 0.2926313355565071 0.07097399979829788 0.08893997967243195 0.9601364135742188
0 0.40876946598291397 0.4897320121526718 0.1274770051240921 0.19281235337257385 0.9582704925537109
0 0.46989572048187256 0.5931877568364143 0.15513134002685547 0.2190997153520584 0.9462348937988281
0 0.26410454139113426 0.30912742018699646 0.06235017627477646 0.06073486804962158 0.9348609161376953
0 0.06367857940495014 0.3085314128547907 0.01910226419568062 0.02875538542866707 0.64129150390625
1 0.3242922779172659 0.3448645081371069 0.017831992357969284 0.026755552738904953 0.9147978973388672
1 0.781059380620718 0.6285395324230194 0.039323680102825165 0.05191582441329956 0.9145166015625
1 0.5750782210379839 0.35988097079098225 0.024019304662942886 0.031366560608148575 0.8859500885009766
1 0.8366144131869078 0.6337041687220335 0.039996590465307236 0.04172142967581749 0.8858971405029297
1 0.3713200269266963 0.3430119026452303 0.02385578118264675 0.0370619036257267 0.8716510772705078
1 0.4392420742660761 0.5400646720081568 0.03281720355153084 0.037555892020463943 0.8152342224121094
1 0.4313790239393711 0.4464433304965496 0.03620827943086624 0.031498633325099945 0.5649642944335938
4 0.4931406695395708 0.9590680077672005 0.029322687536478043 0.08004511892795563 0.7299490356445313
4 0.6396642923355103 0.9717982541769743 0.022136688232421875 0.0341356061398983 0.6827240753173828
4 0.7307345787994564 0.7639622017741203 0.012716992758214474 0.08279882371425629 0.6585325622558593
4 0.30370863853022456 0.4489556532353163 0.01407801266759634 0.04907399043440819 0.6066474151611329
3 0.62169183883816 0.3553323335945606 0.026496442034840584 0.03535393625497818 0.7227864074707031
3 0.591547254472971 0.7887697741389275 0.037728436291217804 0.054998382925987244 0.6376217651367188
