0 0.7059251517057419 0.5430822148919106 0.15551230311393738 0.22470076382160187 0.9855345153808593
0 0.5557806342840195 0.8619560301303864 0.2005172073841095 0.2708818316459656 0.9735133361816406
0 0.9257497414946556 0.9313797950744629 0.14786498248577118 0.13302826881408691 0.9681443023681641
0 0.23709497600793839 0.2918483801186085 0.08182404935359955 0.10883314162492752 0.9591413879394531
0 0.4027865156531334 0.5013493373990059 0.14786891639232635 0.2130206972360611 0.956371078491211
0 0.49328087270259857 0.689735434949398 0.16442957520484924 0.2380416840314865 0.9503302764892578
0 0.3075931519269943 0.29561712220311165 0.06607630848884583 0.08317611366510391 0.8914248657226562
0 0.06421857699751854 0.3083542622625828 0.018290884792804718 0.027967043220996857 0.8029010009765625
1 0.9291570857167244 0.9428921937942505 0.052299752831459045 0.07024705410003662 0.9366134643554688
1 0.4281405108049512 0.44781963899731636 0.02552286721765995 0.04541055113077164 0.9207653045654297
1 0.3760367911309004 0.45151241309940815 0.03595345839858055 0.04160359874367714 0.8734274291992188
1 0.5231011584401131 0.6339273527264595 0.0346844345331192 0.037111297249794006 0.8687307739257812
1 0.5199903212487698 0.7991686221212149 0.04605375975370407 0.05126495286822319 0.8686653900146485
1 0.6802157247439027 0.4822247326374054 0.030946986749768257 0.04177093505859375 0.8521416473388672
1 0.2231517005711794 0.26313840225338936 0.013968531042337418 0.017445005476474762 0.8490776062011719
1 0.9892051257193089 0.9508359208703041 0.021088726818561554 0.047760799527168274 0.8198817443847656
1 0.2522937594912946 0.26516043581068516 0.014416980557143688 0.01702355220913887 0.6144437789916992
4 0.4348697103559971 0.7656427957117558 0.023538239300251007 0.08671338111162186 0.7468294525146484
4 0.6397382142022252 0.9567650891840458 0.02770080603659153 0.07444972544908524 0.7019300079345703
4 0.4860463524237275 0.9687660448253155 0.024905459955334663 0.06246795505285263 0.6643634796142578
4 0.4249262153171003 0.7621452659368515 0.010862636379897594 0.07737025618553162 0.6044533157348633
