0 0.5774929225444794 0.909041628241539 0.20755815505981445 0.18183085322380066 0.9911965942382812
0 0.344343438744545 0.2890208810567856 0.06791070103645325 0.09579309821128845 0.9726004791259766
0 0.2805291451513767 0.309106282889843 0.09368745237588882 0.12261880934238434 0.9724164581298829
0 0.832474023103714 0.733398973941803 0.18898111581802368 0.2745058536529541 0.9640890502929688
0 0.06384671665728092 0.30830391962081194 0.018661972135305405 0.029653364792466164 0.85431640625
0 0.45877116173505783 0.6665359288454056 0.17698751389980316 0.2560397684574127 0.8142160034179687
1 0.4874520003795624 0.6037563588470221 0.023623943328857422 0.05072055384516716 0.9290568542480468
1 0.2652450818568468 0.27502091601490974 0.014154259115457535 0.01847825199365616 0.9216737365722656
1 0.6133189238607883 0.9031329117715359 0.04459584504365921 0.05196940153837204 0.9116844177246094
1 0.8067212589085102 0.6607305351644754 0.0436922088265419 0.04982339218258858 0.9111823272705079
1 0.2972039896994829 0.2795829204842448 0.013557497411966324 0.016773110255599022 0.8886288452148438
1 0.4279773496091366 0.6095086596906185 0.04464184492826462 0.05207508057355881 0.8771110534667969
4 0.24606069223955274 0.3545870743691921 0.010952250100672245 0.027849070727825165 0.7522895812988282
