0 0.8592809587717056 0.7786700576543808 0.19572106003761292 0.2877257764339447 0.9914007568359375
0 0.47134383022785187 0.7054704427719116 0.18484124541282654 0.26636838912963867 0.990472183227539
0 0.5894938483834267 0.9377305209636688 0.2147303968667984 0.12453895807266235 0.9880620574951172
0 0.28983379155397415 0.31569117307662964 0.09570334851741791 0.1255742907524109 0.983846435546875
0 0.35099778324365616 0.2890270911157131 0.06796146929264069 0.09820454567670822 0.9804475402832031
0 0.06346967071294785 0.3081872779875994 0.019137196242809296 0.028798166662454605 0.6351150894165039
1 0.43729633651673794 0.647455345839262 0.043915461748838425 0.05126478523015976 0.9276318359375
1 0.8324509188532829 0.7021851111203432 0.045493826270103455 0.0534847117960453 0.9198786926269531
1 0.5019672773778439 0.6411096956580877 0.02930247038602829 0.0544426254928112 0.8933330535888672
1 0.27523353276774287 0.28110519144684076 0.015151373110711575 0.020601512864232063 0.8929100036621094
1 0.6270707808434963 0.9632724318653345 0.04682242125272751 0.053187448531389236 0.7859236145019531
4 0.40897450875490904 0.8003074303269386 0.02361377142369747 0.07687349617481232 0.8120455932617188
4 0.7779596806503832 0.8556506745517254 0.012667846865952015 0.09227170795202255 0.7615847778320313
4 0.25517981266602874 0.36183114908635616 0.010859410278499126 0.03128085657954216 0.6796263122558593
4 0.32886820239946246 0.3686276199296117 0.013626798056066036 0.019442522898316383 0.613720817565918
4 0.37556429114192724 0.3306990312412381 0.01327320747077465 0.018137643113732338 0.5713053512573242
