0 0.23580680415034294 0.2911946773529053 0.08134188503026962 0.10813629627227783 0.970650405883789
0 0.7021471112966537 0.5375285372138023 0.15482661128044128 0.2237343043088913 0.9680546569824219
0 0.40058841556310654 0.4957307428121567 0.1462176889181137 0.21041050553321838 0.9642373657226563
0 0.5522689670324326 0.8546070456504822 0.19795700907707214 0.27135026454925537 0.9628627014160156
0 0.923896960914135 0.9255305752158165 0.15126775205135345 0.14689438045024872 0.96134033203125
0 0.3051183968782425 0.2963534779846668 0.06712821125984192 0.0822785273194313 0.9355512237548829
0 0.4897068068385124 0.6821091622114182 0.1647622436285019 0.23713096976280212 0.9298432159423828
0 0.06369562912732363 0.30867576133459806 0.019395673647522926 0.02967851422727108 0.8472677612304688
1 0.9231166001409292 0.9314740374684334 0.05203838273882866 0.07211388647556305 0.9367570495605468
1 0.42488633189350367 0.44292347878217697 0.024700673297047615 0.04400990903377533 0.9232859802246094
1 0.518446484580636 0.788957891985774 0.04496510699391365 0.05071699246764183 0.908519287109375
1 0.3727035503834486 0.4457062091678381 0.030578073114156723 0.038229089230298996 0.874205322265625
1 0.6812426932156086 0.47687278129160404 0.03453121334314346 0.043938953429460526 0.8659568786621094
1 0.9861827017739415 0.9398695770651102 0.027228737249970436 0.04370461776852608 0.8526725769042969
1 0.2222340852022171 0.2626893511041999 0.013665914535522461 0.017464814707636833 0.833599853515625
1 0.5180674120783806 0.6268287152051926 0.033524736762046814 0.035301774740219116 0.8099325561523437
1 0.25043228175491095 0.264901059679687 0.013814179226756096 0.017011797055602074 0.6616694641113281
4 0.48260436300188303 0.9586634337902069 0.0275814700871706 0.06951910257339478 0.5832522964477539
4 0.34909072145819664 0.5721611473709345 0.01814209669828415 0.0565040297806263 0.5518794631958008
3 0.732190016657114 0.4729924239218235 0.0315324142575264 0.04405582696199417 0.5557137680053711
