0 0.5701139345765114 0.892192892730236 0.2037903219461441 0.21559272706508636 0.9836800384521485
0 0.8165477737784386 0.7074945718050003 0.1838947981595993 0.26968446373939514 0.9836683654785157
0 0.27502312138676643 0.30655061081051826 0.09143916517496109 0.12127236276865005 0.9702696990966797
0 0.34058835729956627 0.2896825857460499 0.06685721129179001 0.09577769786119461 0.9487171173095703
0 0.4522737041115761 0.6436543315649033 0.17323525249958038 0.25030240416526794 0.876151351928711
0 0.0635872595012188 0.309188106097281 0.020000286400318146 0.029752688482403755 0.6677010345458985
1 0.7897103857249022 0.6352612432092428 0.04695650562644005 0.05843008682131767 0.9463046264648437
1 0.4211969766765833 0.5865827780216932 0.042291004210710526 0.05166744813323021 0.9455524444580078
1 0.2599897859618068 0.27273848932236433 0.0135787483304739 0.01695842109620571 0.9275535583496094
1 0.4807775830850005 0.5819430518895388 0.02594063989818096 0.05001548305153847 0.8927497863769531
1 0.6060192659497261 0.863770043477416 0.040581002831459045 0.049775075167417526 0.8223768615722656
1 0.2920078099705279 0.2772058923728764 0.012602043338119984 0.015128807164728642 0.7020760345458984
3 0.8491456266492605 0.6317108813673258 0.042723845690488815 0.05598687008023262 0.7983734893798828
4 0.31209932174533606 0.3565971804782748 0.013244597241282463 0.018794110044836998 0.5755018615722656
