0 0.709764763712883 0.548031397163868 0.15693137049674988 0.22688879072666168 0.979936752319336
0 0.5597329512238503 0.8679076880216599 0.20181109011173248 0.2631470859050751 0.9731950378417968
0 0.9285648539662361 0.9377976357936859 0.14238180220127106 0.12232428789138794 0.9522985076904297
0 0.23827314749360085 0.2919887378811836 0.0830882266163826 0.1091877669095993 0.9392813110351562
0 0.49703820049762726 0.6988696455955505 0.16529425978660583 0.23969364166259766 0.9344397735595703
0 0.40449757128953934 0.5061467438936234 0.14953483641147614 0.21422019600868225 0.8045423889160156
0 0.3084075264632702 0.2953733578324318 0.06653054803609848 0.08257706463336945 0.7789096069335938
0 0.06384849920868874 0.30860840529203415 0.019017577171325684 0.029042646288871765 0.6867233276367187
1 0.5237318705767393 0.8094559740275145 0.045477356761693954 0.052442874759435654 0.9670189666748047
1 0.935087326914072 0.9575143381953239 0.0535203292965889 0.07405887544155121 0.9511840057373047
1 0.42900425381958485 0.45343001186847687 0.022376123815774918 0.04358235001564026 0.9331304931640625
1 0.5254838224500418 0.6445299964398146 0.03673190996050835 0.039133425801992416 0.880283203125
1 0.3781244959682226 0.4541348312050104 0.03619448468089104 0.04366268590092659 0.8318206787109375
1 0.6835253359749913 0.4857400432229042 0.024338150396943092 0.039888396859169006 0.8308762359619141
1 0.22461661975830793 0.26349547412246466 0.013386344537138939 0.015870271250605583 0.8050236511230469
1 0.2538345237262547 0.26639955351129174 0.012666002847254276 0.015065115876495838 0.7855732727050782
1 0.991267248056829 0.9634641837328672 0.016502825543284416 0.051763858646154404 0.7145414733886719
1 0.5910861063748598 0.8086774051189423 0.04363015666604042 0.04391700029373169 0.6855374145507812
