0 0.2640332989394665 0.30086012929677963 0.08807598799467087 0.11693982779979706 0.9632218933105469
0 0.43860581517219543 0.5993939340114594 0.16536909341812134 0.24269431829452515 0.9580428314208984
0 0.5529963821172714 0.8583578914403915 0.18998858332633972 0.2746109664440155 0.9540270233154297
0 0.6004659980535507 0.9640457667410374 0.1654195487499237 0.07091832906007767 0.9415050506591797
0 0.7860181406140327 0.6601482927799225 0.1758721023797989 0.2595697045326233 0.9272012329101562
0 0.33308835327625275 0.2912011779844761 0.06573250889778137 0.09158853441476822 0.816956787109375
0 0.06320333294570446 0.3089196737855673 0.0201030932366848 0.029054712504148483 0.6445565032958984
1 0.4662685636430979 0.5405203606933355 0.026065636426210403 0.04791400954127312 0.9336745452880859
1 0.5852123014628887 0.7958716750144958 0.04157104343175888 0.045725107192993164 0.9295008850097656
1 0.25032614171504974 0.26815235055983067 0.014219999313354492 0.019064415246248245 0.921811294555664
1 0.4080608692020178 0.5453683156520128 0.039867084473371506 0.04784059897065163 0.91535400390625
1 0.7612195294350386 0.5919842328876257 0.041788991540670395 0.052272599190473557 0.9035988616943359
1 0.280668503139168 0.27243464533239603 0.013656807132065296 0.016428517177700996 0.6627762603759766
4 0.3808944644406438 0.6904886905103922 0.020103836432099342 0.05883919075131416 0.5784077072143554
