0 0.5687702372670174 0.8885024040937424 0.2100670486688614 0.22298166155815125 0.9815276336669921
0 0.24405498802661896 0.2933199442923069 0.0829155445098877 0.11051926761865616 0.9506536865234375
0 0.5118657648563385 0.7305346205830574 0.17222923040390015 0.24922694265842438 0.9488022613525391
0 0.4115428850054741 0.5260662883520126 0.15284375846385956 0.21946552395820618 0.9271858978271484
0 0.7267649248242378 0.5709106922149658 0.16132761538028717 0.2331511378288269 0.9065688323974609
0 0.3137067221105099 0.29427846521139145 0.06711231917142868 0.08537863194942474 0.880362548828125
0 0.954348411411047 0.9630959965288639 0.09113972634077072 0.07352549582719803 0.8326068878173828
0 0.06411635875701904 0.3080507041886449 0.018486738204956055 0.028315508738160133 0.7393593597412109
1 0.5315135512501001 0.8516109269112349 0.04846366122364998 0.051270660012960434 0.9312203216552735
1 0.4361391859129071 0.47225029580295086 0.02125469781458378 0.04514208063483238 0.913883056640625
1 0.3843097388744354 0.4764290153980255 0.03770112991333008 0.041980206966400146 0.8954702758789063
1 0.2298106332309544 0.2641630945727229 0.012486712075769901 0.016838526353240013 0.8740182495117188
1 0.5412094984203577 0.674039201810956 0.035199958831071854 0.03672078624367714 0.8013197326660156
1 0.26008856296539307 0.26642334181815386 0.013941526412963867 0.01648777164518833 0.7174136352539062
1 0.7039300240576267 0.5066026616841555 0.035128720104694366 0.04179105535149574 0.6551457977294922
4 0.4498378299176693 0.8260852210223675 0.017178408801555634 0.05975737422704697 0.6251282119750976
