0 0.5817722305655479 0.9201193004846573 0.21208308637142181 0.15754857659339905 0.9885718536376953
0 0.8426289185881615 0.7516789585351944 0.19006793200969696 0.28003111481666565 0.9836624908447266
0 0.284517303109169 0.311738945543766 0.09513476490974426 0.1228460818529129 0.981010513305664
0 0.34670526534318924 0.2890532612800598 0.06703545153141022 0.09727314114570618 0.9781273651123047
0 0.4639955759048462 0.6825904846191406 0.17978054285049438 0.25802183151245117 0.8686829376220703
0 0.06385784037411213 0.308408017270267 0.01847737655043602 0.029010942205786705 0.867276840209961
1 0.43236101046204567 0.6240368876606226 0.04446900635957718 0.0520680733025074 0.9509149169921876
1 0.8154259119182825 0.6767607908695936 0.04700978472828865 0.05483686551451683 0.9436412048339844
1 0.49485825281590223 0.6192216407507658 0.031208133324980736 0.0528276227414608 0.9284171295166016
1 0.3013793546706438 0.2813524752855301 0.013020578771829605 0.01597103476524353 0.9213522338867187
1 0.26889831805601716 0.2766258167102933 0.014699061401188374 0.019305476918816566 0.9183187103271484
1 0.6173055246472359 0.9267253875732422 0.046679750084877014 0.0518798828125 0.8858718872070312
