0 0.8733468130230904 0.8181082010269165 0.1972581297159195 0.27549540996551514 0.9938932800292969
0 0.6407023146748543 0.4584499001502991 0.13919652998447418 0.19831311702728271 0.9846160888671875
0 0.605939082801342 0.9420523531734943 0.21007846295833588 0.11589524894952774 0.9817593383789063
0 0.3706921339035034 0.42806996405124664 0.13396590948104858 0.18739691376686096 0.9705098724365234
0 0.2143535241484642 0.2878592126071453 0.07573936879634857 0.0991327092051506 0.9671880340576172
0 0.28123145177960396 0.30412035807967186 0.0658651664853096 0.0725785419344902 0.9555760955810547
0 0.5113701075315475 0.6966471001505852 0.17035582661628723 0.23982034623622894 0.949937744140625
0 0.4381621405482292 0.5630298852920532 0.14496485888957977 0.21012288331985474 0.9374336242675781
0 0.06471846997737885 0.3080893959850073 0.017786085605621338 0.02941982075572014 0.6664822387695313
1 0.6196416616439819 0.4020391460508108 0.029005050659179688 0.03938330337405205 0.9290518951416016
1 0.34556789603084326 0.38510189950466156 0.026962248608469963 0.03226634860038757 0.9145431518554688
1 0.8389662820845842 0.7486683558672667 0.0451088584959507 0.06127878651022911 0.9010219573974609
1 0.47849826887249947 0.6387728024274111 0.03638897091150284 0.040719661861658096 0.8590547180175782
1 0.9038549307733774 0.7519619558006525 0.04226284101605415 0.042340654879808426 0.8490544891357422
1 0.3921018876135349 0.38182167522609234 0.017633087933063507 0.03740754351019859 0.8459486389160156
1 0.4650850435718894 0.5140779335051775 0.029406515881419182 0.032727841287851334 0.7988981628417968
1 0.22860174300149083 0.26583781791850924 0.012410053052008152 0.015364526771008968 0.7615902709960938
1 0.20230322191491723 0.2638455629348755 0.013105583377182484 0.01580101251602173 0.7031594085693359
1 0.24867830658331513 0.26713263243436813 0.008856375701725483 0.01996748149394989 0.655045166015625
3 0.6410202067345381 0.9543051049113274 0.044340070337057114 0.0639411062002182 0.8478601837158203
3 0.6675781887024641 0.39775413274765015 0.027295049279928207 0.03600090742111206 0.6920472717285157
4 0.785428190138191 0.8877524733543396 0.011884498409926891 0.09076690673828125 0.8438106536865234
4 0.3222093125805259 0.4989094492048025 0.01664969138801098 0.04777945205569267 0.6809053802490235
