0 0.8976107761263847 0.8460776060819626 0.20477841794490814 0.3038162887096405 0.9882663726806641
0 0.30415794625878334 0.32603950798511505 0.09865225106477737 0.1313864290714264 0.9818592834472656
0 0.360321968793869 0.2892356775701046 0.06851339340209961 0.09956040233373642 0.9745002746582031
0 0.4885348379611969 0.7688322961330414 0.19491046667099 0.2815008759498596 0.9186268615722656
0 0.5986874625086784 0.9845763351768255 0.13761363923549652 0.027564268559217453 0.8697771453857421
0 0.06382096838206053 0.30836587492376566 0.018858281895518303 0.03060119040310383 0.7493678283691406
1 0.4537865463644266 0.7055170591920614 0.04983215406537056 0.05754507705569267 0.970171127319336
1 0.5188054963946342 0.698758140206337 0.032353147864341736 0.056403547525405884 0.943092269897461
1 0.8695644345134497 0.7650601752102375 0.048536937683820724 0.05877397209405899 0.9213739776611328
1 0.28903114004060626 0.2912639733403921 0.014553292654454708 0.019995879381895065 0.8958793640136719
4 0.26924756774678826 0.37497795186936855 0.01129384059458971 0.030153345316648483 0.6390633392333984
4 0.3458065250888467 0.37434763833880424 0.0144749004393816 0.033971093595027924 0.5960932540893554
3 0.3055640161037445 0.29566262662410736 0.012534141540527344 0.018693655729293823 0.5694238662719726
