0 0.7484430447220802 0.5876738876104355 0.16203327476978302 0.2209390103816986 0.9824227905273437
0 0.18768183887004852 0.29761313274502754 0.06731560826301575 0.07956133037805557 0.9811489868164063
0 0.5526548288762569 0.3714907020330429 0.11967366188764572 0.16913989186286926 0.9787397766113282
0 0.42508554458618164 0.5107738226652145 0.14338916540145874 0.19590964913368225 0.9558109283447266
0 0.38151419162750244 0.43348919600248337 0.11707592010498047 0.17250411212444305 0.9550711822509765
0 0.32550641149282455 0.35469117015600204 0.11405257880687714 0.1615319699048996 0.9538832855224609
0 0.55584866553545 0.9620138108730316 0.16386063396930695 0.07597237825393677 0.9511270141601562
0 0.2495355624705553 0.31785944662988186 0.05814177170395851 0.04496420547366142 0.9393350219726563
0 0.514767125248909 0.7180626317858696 0.1668672263622284 0.23753176629543304 0.9389595031738281
1 0.3036922896280885 0.31714255828410387 0.016101615503430367 0.026469195261597633 0.9469625091552735
1 0.5336704296059906 0.3262438392266631 0.015097268857061863 0.023947877809405327 0.9173201751708985
1 0.7225399613380432 0.528797285631299 0.033492088317871094 0.04807332530617714 0.9116975402832032
1 0.7744454853236675 0.5296084005385637 0.03833808749914169 0.041510406881570816 0.8891036987304688
1 0.34369396744295955 0.31421090103685856 0.013889661990106106 0.03140004351735115 0.8443209838867187
1 0.30981088895350695 0.31779136415570974 0.023388290777802467 0.024042708799242973 0.8237541198730469
1 0.349114004522562 0.31728556007146835 0.021301396191120148 0.030110761523246765 0.6462612915039062
1 0.401698867790401 0.394124049693346 0.026380380615592003 0.023989416658878326 0.5635829544067383
3 0.5436518229544163 0.6515099555253983 0.03463471680879593 0.04863467812538147 0.8018335723876953
3 0.5539645552635193 0.32536776550114155 0.016408920288085938 0.021731171756982803 0.7925810241699218
3 0.5754315014928579 0.3213779656216502 0.020755957812070847 0.03009623847901821 0.6511137390136719
3 0.44775268994271755 0.46639729104936123 0.028294753283262253 0.02390594407916069 0.6249335479736328
