0 0.5730933621525764 0.8991327062249184 0.2150522619485855 0.20017202198505402 0.9795438385009766
0 0.2466125413775444 0.2940765358507633 0.08362223207950592 0.11089421063661575 0.9541159820556641
0 0.4163309186697006 0.5366926044225693 0.1562986671924591 0.2212142050266266 0.9511882019042969
0 0.736013650894165 0.5823405086994171 0.16341018676757812 0.23831558227539062 0.9310460662841797
0 0.5178476944565773 0.7498849332332611 0.17401720583438873 0.25321727991104126 0.9270654296875
0 0.3164636380970478 0.2937532626092434 0.06673971563577652 0.08669345825910568 0.7622563934326172
0 0.06335327308624983 0.30751943681389093 0.019286593422293663 0.02689904160797596 0.7202111053466796
1 0.38889327831566334 0.4868782628327608 0.03571993485093117 0.04102424159646034 0.9584758758544922
1 0.23320426931604743 0.2635441208258271 0.013784694485366344 0.017903702333569527 0.9266730499267578
1 0.5469604171812534 0.6929850839078426 0.03981698304414749 0.04222124069929123 0.9122500610351563
1 0.5370698217302561 0.8761328365653753 0.0482972152531147 0.052874188870191574 0.9033612823486328
1 0.44191471952944994 0.48287877812981606 0.02862873114645481 0.04914463311433792 0.8734223175048829
1 0.7081416845321655 0.5193331260234118 0.026381492614746094 0.04403245821595192 0.8191510772705078
1 0.2629418792203069 0.26668669655919075 0.013829851523041725 0.016421593725681305 0.8189938354492188
1 0.3000893038697541 0.26908224262297153 0.012422689236700535 0.015214849263429642 0.7238643646240235
3 0.24809291772544384 0.26672761514782906 0.010931666940450668 0.013797082006931305 0.8868856048583984
3 0.7669203318655491 0.514947758987546 0.03672803193330765 0.04834464564919472 0.7536590576171875
4 0.4571937043219805 0.8321662358939648 0.023281637579202652 0.08678837865591049 0.696994400024414
4 0.4446514127776027 0.8235965333878994 0.010258292779326439 0.07139062136411667 0.6380217742919921
