0 0.8968553990125656 0.8617350608110428 0.20544001460075378 0.27251937985420227 0.9918977355957032
0 0.37890515476465225 0.444179967045784 0.13804270327091217 0.1961839497089386 0.9845752716064453
0 0.28653857484459877 0.30143291875720024 0.06735403090715408 0.07700636237859726 0.9836962890625
0 0.22068650647997856 0.28381429612636566 0.07726391404867172 0.11029243469238281 0.9814922332763671
0 0.5257746204733849 0.7375657111406326 0.17544762790203094 0.25076809525489807 0.9707444000244141
0 0.45376574248075485 0.5934856310486794 0.15592877566814423 0.2201383262872696 0.9678155517578125
0 0.6565966308116913 0.4792614281177521 0.14466184377670288 0.20589882135391235 0.95941162109375
0 0.6208298951387405 0.9749623369425535 0.1475318968296051 0.04810067638754845 0.9434529876708985
0 0.06460955645889044 0.3083044206723571 0.017693793401122093 0.02850864641368389 0.7919522094726562
1 0.40200724825263023 0.3958688862621784 0.0233529731631279 0.04059205204248428 0.9338846588134766
1 0.8620106093585491 0.794353537261486 0.046750448644161224 0.06329916417598724 0.9293201446533204
1 0.20775420870631933 0.2608053497970104 0.01109406165778637 0.015537403523921967 0.9286140441894531
1 0.3523078067228198 0.39812177047133446 0.02927764318883419 0.038329117000103 0.9212439727783203
1 0.6345759434625506 0.42043016105890274 0.03065713308751583 0.041859522461891174 0.8828641510009766
1 0.47876410372555256 0.5430507268756628 0.034330401569604874 0.032063405960798264 0.8352046203613281
1 0.9293510280549526 0.8012121059000492 0.042413584887981415 0.04358655959367752 0.8169010925292969
1 0.49072433076798916 0.6754271052777767 0.039652060717344284 0.04122179001569748 0.775165786743164
1 0.23479667585343122 0.26397215435281396 0.011616325005888939 0.015332681126892567 0.7360237884521484
3 0.27216898184269667 0.2806881321594119 0.010017966851592064 0.012416472658514977 0.8752500152587891
3 0.6855610124766827 0.41812752932310104 0.03148593753576279 0.042773351073265076 0.6077357482910156
4 0.329896648414433 0.517975602298975 0.016576925292611122 0.047804541885852814 0.7003897857666016
4 0.8068135022185743 0.9486137516796589 0.012160110287368298 0.07977447658777237 0.6943987274169922
