0 0.7763060182332993 0.6343986764550209 0.16887137293815613 0.2303301841020584 0.9914723205566406
0 0.5354829132556915 0.7817128747701645 0.17589139938354492 0.2536803185939789 0.9888320922851562
0 0.5721205770969391 0.38634147495031357 0.12662309408187866 0.17779074609279633 0.9846901702880859
0 0.1936977207660675 0.2945857420563698 0.06841400265693665 0.08472789824008942 0.9835206604003907
0 0.3360075242817402 0.36870843172073364 0.11969003826379776 0.16954255104064941 0.9687316131591797
0 0.3959014564752579 0.456578753888607 0.1227407157421112 0.1808355301618576 0.9652108764648437
0 0.25679134018719196 0.3139356430619955 0.061836037784814835 0.05558813735842705 0.9579299926757813
0 0.44531264156103134 0.5487217232584953 0.1503293365240097 0.2018151730298996 0.9370063781738281
1 0.7482332233339548 0.5732471942901611 0.033394623547792435 0.049257516860961914 0.9487242126464843
1 0.354709355160594 0.32644146122038364 0.017122682183980942 0.0361553318798542 0.9267166900634766
1 0.802210183814168 0.5772236380726099 0.03732401505112648 0.03928561881184578 0.9016409301757813
1 0.31310775503516197 0.3296400113031268 0.01792418211698532 0.026406606659293175 0.8961609649658203
1 0.5518721463158727 0.33797003608196974 0.01966228522360325 0.030369793996214867 0.8467223358154297
1 0.4192627193406224 0.4990758718922734 0.027003193274140358 0.03073730506002903 0.7486375427246094
1 0.1819020677357912 0.27373956982046366 0.010721508413553238 0.01566283591091633 0.7018293762207031
4 0.7009658017195761 0.691605944186449 0.011447270400822163 0.08720771223306656 0.7743834686279297
4 0.6093205492943525 0.8831161856651306 0.021449025720357895 0.032628774642944336 0.6844683837890625
4 0.47275587543845177 0.8679770678281784 0.028218142688274384 0.08007320761680603 0.6526033020019532
4 0.29182738065719604 0.4308374486863613 0.013246536254882812 0.04279720038175583 0.5714635848999023
4 0.3455631989054382 0.5213934537023306 0.015201441012322903 0.050690602511167526 0.5567966842651367
