0 0.849768154323101 0.7707064896821976 0.18895600736141205 0.2628486454486847 0.9895814514160156
0 0.5884394720196724 0.912705197930336 0.20518840849399567 0.1736837923526764 0.9889535522460937
0 0.6236399263143539 0.43923990428447723 0.13734111189842224 0.19319084286689758 0.9799028015136719
0 0.36181384325027466 0.4126909300684929 0.13248449563980103 0.18517373502254486 0.9797454833984375
0 0.2087448500096798 0.2899366579949856 0.07370390743017197 0.09532510489225388 0.9693563079833984
0 0.27479033917188644 0.30548248812556267 0.06453852355480194 0.07212569564580917 0.9668973541259765
0 0.49575047194957733 0.6561702862381935 0.1637420952320099 0.23424513638019562 0.953380355834961
0 0.4275151342153549 0.5365649163722992 0.14280328154563904 0.20004314184188843 0.9449469757080078
0 0.06372768990695477 0.30821630731225014 0.020193811506032944 0.02837032824754715 0.8571102905273438
1 0.6004617726430297 0.3854151275008917 0.025479061529040337 0.037439923733472824 0.9408895111083985
1 0.33696084190160036 0.36881573870778084 0.023579755797982216 0.037440039217472076 0.9145579528808594
1 0.879643278196454 0.7080089636147022 0.0396447516977787 0.03985420614480972 0.9136476135253906
1 0.38389988150447607 0.36639997176826 0.02047535590827465 0.038012441247701645 0.9129668426513672
1 0.8188492022454739 0.7017784174531698 0.04159914702177048 0.05489875003695488 0.9034866333007813
1 0.4636905547231436 0.6013584621250629 0.03746433183550835 0.04493317753076553 0.8598040771484375
1 0.22413023002445698 0.2659101113677025 0.01510411873459816 0.018437787890434265 0.7172809600830078
1 0.6231467165052891 0.8920944388955832 0.04208577424287796 0.05994940921664238 0.6006660461425781
1 0.45097609981894493 0.49020687211304903 0.027027003467082977 0.030703792348504066 0.5970441055297852
3 0.6514799995347857 0.3822081945836544 0.02598603628575802 0.03568010777235031 0.8595951843261719
4 0.7652083756402135 0.8456024192273617 0.01199188269674778 0.08427231758832932 0.6445110321044922
