0 0.33919694274663925 0.37394024431705475 0.12088756263256073 0.17040035128593445 0.9861568450927735
0 0.5448356047272682 0.8123107701539993 0.18084831535816193 0.26104381680488586 0.9817563629150391
0 0.7878474295139313 0.6553762033581734 0.172457754611969 0.23758019506931305 0.9815930938720703
0 0.5809987634420395 0.39467842876911163 0.12725648283958435 0.1824524700641632 0.9787194061279297
0 0.1954502910375595 0.29371874779462814 0.06993460655212402 0.08678297698497772 0.9738561248779297
0 0.4003291204571724 0.46872732043266296 0.12471218407154083 0.18585312366485596 0.9608788299560547
0 0.2597373705357313 0.3100666478276253 0.060572560876607895 0.05978967249393463 0.9473548126220703
0 0.45353152602910995 0.5643382892012596 0.15284518897533417 0.2084980458021164 0.9301885986328124
1 0.3597769755870104 0.33251731656491756 0.01736408844590187 0.03498600050806999 0.9140198516845703
1 0.5624776724725962 0.3450533114373684 0.024928856641054153 0.03385996073484421 0.9117729949951172
1 0.7582227066159248 0.5948630142956972 0.032219186425209045 0.05063680186867714 0.9067436218261719
1 0.3178302189335227 0.3348155440762639 0.016490427777171135 0.0264871958643198 0.8842830657958984
1 0.8159527666866779 0.5978075545281172 0.03965149074792862 0.03987890109419823 0.8216472625732422
1 0.4248775877058506 0.5119175221771002 0.028503544628620148 0.03549883887171745 0.7917119598388672
1 0.1844182056374848 0.2700015245936811 0.011161216534674168 0.014126050285995007 0.7681654357910156
1 0.36673668399453163 0.3348357193171978 0.02510274201631546 0.03445281833410263 0.7438602447509766
1 0.4235809566453099 0.4229430574923754 0.029034042730927467 0.03171694651246071 0.6320256042480469
1 0.2090701749548316 0.2713640728034079 0.012743202969431877 0.015270967967808247 0.5677057647705078
3 0.5749626364558935 0.739486925303936 0.03628603741526604 0.05378316342830658 0.8779756164550782
3 0.6059967679902911 0.34287891909480095 0.0255406703799963 0.03318633884191513 0.6604918670654297
4 0.2923660399392247 0.43721441738307476 0.010539436712861061 0.04515519365668297 0.7688137054443359
4 0.4804461654275656 0.9018978551030159 0.027556132525205612 0.07974983751773834 0.7513806915283203
4 0.8628801507875323 0.7469024527817965 0.0180180873721838 0.0391676165163517 0.625681037902832
