0 0.8581249788403511 0.7879027873277664 0.19362272322177887 0.2686519920825958 0.99192626953125
0 0.5949179977178574 0.9240147545933723 0.20582911372184753 0.1489962488412857 0.9836153411865234
0 0.3652854412794113 0.4186752513051033 0.13317683339118958 0.18621201813220978 0.9806764984130859
0 0.2116699293255806 0.28897884115576744 0.07273407280445099 0.09786396473646164 0.9791021728515625
0 0.27694694325327873 0.30522745475172997 0.06406914442777634 0.07188533991575241 0.9749053955078125
0 0.5027387291193008 0.6733845844864845 0.1670636236667633 0.23748548328876495 0.968335952758789
0 0.6308192312717438 0.44660311192274094 0.13707929849624634 0.19487248361110687 0.9665376281738282
0 0.4302591532468796 0.5477719977498055 0.13951024413108826 0.20366741716861725 0.9425944519042969
0 0.06463412754237652 0.30804707668721676 0.017885755747556686 0.02835879847407341 0.7561400604248046
0 0.24453486409038305 0.26410749927163124 0.01139923743903637 0.021635182201862335 0.5861663818359375
1 0.38776855263859034 0.37275126948952675 0.017268212512135506 0.03756696730852127 0.9448125457763672
1 0.8276445474475622 0.7179973293095827 0.04114310070872307 0.05677298083901405 0.9200988006591797
1 0.6092013996094465 0.3925820253789425 0.027458127588033676 0.035241954028606415 0.9167656707763672
1 0.3394306246191263 0.3762615378946066 0.02344350889325142 0.033080827444791794 0.8902684783935547
1 0.8837339086458087 0.7254506349563599 0.030247053131461143 0.04147231578826904 0.833778076171875
1 0.4702327139675617 0.6159478072077036 0.03741798549890518 0.04505615308880806 0.8335358428955079
1 0.455825699493289 0.4997639786452055 0.03429790958762169 0.0321476124227047 0.7399600982666016
1 0.22605747496709228 0.26549599692225456 0.013982455246150494 0.017040394246578217 0.6128180694580078
1 0.19835556764155626 0.264753638766706 0.013539457693696022 0.017431018874049187 0.5518737411499024
4 0.7736548781394958 0.8573146350681782 0.013293266296386719 0.0917045846581459 0.6339157104492188
4 0.18246930744498968 0.3261723956093192 0.0094203632324934 0.02278902940452099 0.5794925689697266
