0 0.909967303276062 0.8924005925655365 0.17930984497070312 0.2117745280265808 0.9915284729003906
0 0.5382871702313423 0.7949520796537399 0.18793220818042755 0.26360055804252625 0.9761742401123047
0 0.22876377403736115 0.2877832278609276 0.08011963963508606 0.10730449855327606 0.9660543060302734
0 0.47110966593027115 0.635663129389286 0.15835781395435333 0.22786350548267365 0.9541605377197265
0 0.6784920766949654 0.5089588090777397 0.14781488478183746 0.21362827718257904 0.9526052093505859
0 0.2954145558178425 0.29879166185855865 0.06803218275308609 0.07951894402503967 0.9521601104736328
0 0.38920512050390244 0.46804916858673096 0.14131520688533783 0.20519864559173584 0.9277518463134765
0 0.06372098997235298 0.30650145933032036 0.018398046493530273 0.02536024898290634 0.7676093292236328
1 0.8915597684681416 0.8579626828432083 0.050145722925662994 0.0643860399723053 0.9464968109130859
1 0.504702428355813 0.7307676561176777 0.04224236682057381 0.04745850712060928 0.9277362823486328
1 0.4141667541116476 0.4178418107330799 0.027873706072568893 0.04520020633935928 0.9231497955322265
1 0.658650541678071 0.4492388255894184 0.03491668775677681 0.04325089603662491 0.9200331878662109
1 0.36299855913966894 0.4213713929057121 0.031124083325266838 0.039752110838890076 0.9172193908691406
1 0.962576711550355 0.8672863971441984 0.047017861157655716 0.04302277788519859 0.9025300598144531
1 0.49701456911861897 0.5767705347388983 0.03422263637185097 0.045248132199048996 0.8828517150878906
1 0.24251945735886693 0.26482458785176277 0.012213357724249363 0.013896264135837555 0.7191159820556641
1 0.21486623072996736 0.26072209514677525 0.014700730331242085 0.017739642411470413 0.666887435913086
