0 0.19424332678318024 0.2949766404926777 0.06900855898857117 0.0849793329834938 0.9846937561035156
0 0.77967669069767 0.640877939760685 0.16807880997657776 0.23025472462177277 0.9840250396728516
0 0.5755981281399727 0.38990914076566696 0.12602676451206207 0.17786060273647308 0.9833954620361328
0 0.5388288721442223 0.791641965508461 0.17750059068202972 0.2555101215839386 0.9830332183837891
0 0.3373081646859646 0.37065085023641586 0.12104695290327072 0.16875497996807098 0.9751181793212891
0 0.3978431411087513 0.4607911631464958 0.12491146475076675 0.18170534074306488 0.9717397308349609
0 0.25730418413877487 0.31312495470046997 0.06186510622501373 0.056629717350006104 0.9587943267822265
0 0.4475419446825981 0.5536088943481445 0.15175072848796844 0.20409393310546875 0.9388077545166016
1 0.7527136411517859 0.5800831522792578 0.03763262555003166 0.05190090462565422 0.9452078247070312
1 0.8066735696047544 0.5825437940657139 0.038600411266088486 0.04116261750459671 0.9099385833740234
1 0.31369643565267324 0.33188225142657757 0.018499596044421196 0.02703973278403282 0.9020515441894531
1 0.5554837267845869 0.34123784862458706 0.02104371413588524 0.030847083777189255 0.86923828125
1 0.35551623068749905 0.32914335653185844 0.017063330858945847 0.03513731807470322 0.8658893585205079
1 0.41824452858418226 0.4158506980165839 0.028868293389678 0.029687104746699333 0.7017737579345703
1 0.1822152165696025 0.2723406436853111 0.0128615852445364 0.014871752820909023 0.6311116027832031
3 0.5689383540302515 0.7212718892842531 0.036256153136491776 0.05285695567727089 0.9157844543457031
4 0.47548701148480177 0.8788499869406223 0.02888498269021511 0.08047247678041458 0.7144735717773437
4 0.7043727836571634 0.7005018852651119 0.0109621686860919 0.0917000100016594 0.6249676513671875
4 0.2924861968494952 0.43073319643735886 0.014057350344955921 0.04563932120800018 0.6083173751831055
4 0.3476409399881959 0.5264184754341841 0.016275661066174507 0.04970556125044823 0.5645367050170899
