0 0.5645277127623558 0.878972738981247 0.19842462241649628 0.23627358675003052 0.9823141479492188
0 0.8073746263980865 0.6912454962730408 0.18110281229019165 0.2642103433609009 0.9798611450195313
0 0.2707003206014633 0.3040691986680031 0.0912802517414093 0.11875663697719574 0.9606057739257813
0 0.4475991353392601 0.6283480301499367 0.1707618087530136 0.24745376408100128 0.952703857421875
0 0.33800696954131126 0.29018639400601387 0.06616675108671188 0.09359452873468399 0.9415435791015625
0 0.06358256656676531 0.30855069123208523 0.01933577097952366 0.029554974287748337 0.5877021408081055
1 0.4176383260637522 0.5716060772538185 0.04201965406537056 0.04897280037403107 0.9622381591796875
1 0.5986287835985422 0.8415370229631662 0.04428081586956978 0.04972641542553902 0.9387915802001953
1 0.25711075961589813 0.2707571955397725 0.01486825942993164 0.01925724186003208 0.9240795135498047
1 0.7786241006106138 0.6200818587094545 0.04535624012351036 0.04958609119057655 0.920577392578125
1 0.4767463291063905 0.5686426013708115 0.02870585210621357 0.05349239706993103 0.8948572540283203
3 0.8400249592959881 0.615457059815526 0.03712406009435654 0.054387692362070084 0.6413040924072265
4 0.7310435492545366 0.7621266767382622 0.013381067663431168 0.09225486218929291 0.6376785659790039
4 0.4844732005149126 0.9694170542061329 0.010135237127542496 0.06072060018777847 0.6068776702880859
