0 0.26153845712542534 0.29949402064085007 0.08549915999174118 0.1153414398431778 0.9760546875
0 0.6076251119375229 0.9498853981494904 0.20283028483390808 0.09749168157577515 0.9278726196289062
0 0.5469139367341995 0.839036837220192 0.19063463807106018 0.2705909311771393 0.8615886688232421
0 0.3299955986440182 0.291348148137331 0.06726353615522385 0.09195313602685928 0.7255258941650391
0 0.7765138149261475 0.6459846645593643 0.17260169982910156 0.25169768929481506 0.7186561584472656
0 0.06314201559871435 0.3088377257809043 0.01987001858651638 0.02776995114982128 0.6267937469482422
0 0.4341524466872215 0.5869108587503433 0.1637171357870102 0.23837921023368835 0.6207524490356445
1 0.5791948158293962 0.7774959895759821 0.040837351232767105 0.04513408616185188 0.9597678375244141
1 0.246630834415555 0.26706965174525976 0.013856712728738785 0.018832115456461906 0.9360591125488281
1 0.40521918423473835 0.5332712214440107 0.041383299976587296 0.047417815774679184 0.9272222137451172
1 0.4607495879754424 0.5284543167799711 0.026751739904284477 0.05004182085394859 0.9098196411132813
1 0.7493159007281065 0.57798913680017 0.042087044566869736 0.04781753942370415 0.8850514221191407
1 0.27744685020297766 0.2710439609363675 0.01234385184943676 0.01602972485125065 0.8503575134277344
1 0.5525081120431423 0.978898549452424 0.030766360461711884 0.03989868238568306 0.7185104370117188
