0 0.5665647611021996 0.8831614926457405 0.20676736533641815 0.23306573927402496 0.9871339416503906
0 0.507284514605999 0.7230043560266495 0.17166106402873993 0.24557116627693176 0.9566573333740235
0 0.24267958849668503 0.2933148629963398 0.08210520446300507 0.10934267193078995 0.9492079162597656
0 0.4104211702942848 0.5218271389603615 0.15193010866641998 0.21835191547870636 0.9014537811279297
0 0.7230259403586388 0.5647353082895279 0.15961532294750214 0.2311963140964508 0.8974703216552734
0 0.3123324103653431 0.2950642891228199 0.06850443035364151 0.08402238041162491 0.8008372497558593
0 0.949243824928999 0.955821018666029 0.1015075072646141 0.08541067689657211 0.6888725280761718
0 0.06346868444234133 0.3088760683313012 0.020265253260731697 0.029036344960331917 0.643851547241211
1 0.5302934013307095 0.8416196759790182 0.04924380034208298 0.05646384879946709 0.946560287475586
1 0.5366970505565405 0.6661042794585228 0.03642193600535393 0.038893863558769226 0.9023387145996093
1 0.22893080115318298 0.2633562432602048 0.013374567031860352 0.017523476853966713 0.9008049774169922
1 0.43399616051465273 0.46721261367201805 0.021238962188363075 0.04530894011259079 0.8960739135742187
1 0.3826893661171198 0.47311532497406006 0.037824470549821854 0.040750205516815186 0.8753852081298829
1 0.9512703930959105 0.9781883824616671 0.030621273443102837 0.042664024978876114 0.8344686126708984
1 0.700083227828145 0.5009901691228151 0.03510100021958351 0.04519376531243324 0.7832305145263672
1 0.2580771245993674 0.2650977624580264 0.014427502639591694 0.018108000978827477 0.7042868041992187
4 0.4466350255534053 0.8048041462898254 0.02276287041604519 0.08346986770629883 0.6992442321777343
