0 0.2729177586734295 0.3051343336701393 0.09087928384542465 0.11904613673686981 0.9842718505859375
0 0.8113938271999359 0.7002318650484085 0.1835440993309021 0.26680830121040344 0.9836227416992187
0 0.566847026348114 0.8853761106729507 0.2013043761253357 0.2247244417667389 0.9788589477539062
0 0.3396490290760994 0.28982269391417503 0.06622816622257233 0.0948646292090416 0.9683679962158203
0 0.4491566941142082 0.6359972804784775 0.17118249833583832 0.24852165579795837 0.873170394897461
0 0.06344829313457012 0.30854235496371984 0.019442986696958542 0.03010508231818676 0.6556713104248046
1 0.25869253696873784 0.2718514474108815 0.014449485577642918 0.01974552311003208 0.9497235107421875
1 0.6012429036200047 0.8531033173203468 0.04574025422334671 0.05104799568653107 0.9418853759765625
1 0.4794885516166687 0.5751365963369608 0.028450965881347656 0.04998253658413887 0.9351750946044922
1 0.41977441124618053 0.5790478121489286 0.042680200189352036 0.05107393488287926 0.9226988220214843
1 0.784419460222125 0.6280464697629213 0.043734993785619736 0.05292776599526405 0.9162570190429687
