0 0.5802571028470993 0.9133240655064583 0.20975443720817566 0.17286993563175201 0.9885595703125
0 0.3459221348166466 0.2888501137495041 0.06815885007381439 0.09713032841682434 0.9795172119140625
0 0.28277089819312096 0.30978841334581375 0.09457247704267502 0.12366952002048492 0.976391830444336
0 0.8378954380750656 0.7430418282747269 0.18952509760856628 0.2769280970096588 0.9718429565429687
0 0.4615963026881218 0.6742974817752838 0.17893485724925995 0.2580133080482483 0.9171073150634765
0 0.06377432495355606 0.30817281175404787 0.01889795809984207 0.029352286830544472 0.7758392333984375
1 0.4304501358419657 0.6169139482080936 0.046363163739442825 0.05298275500535965 0.9501382446289063
1 0.26696155266836286 0.27571448870003223 0.013869539834558964 0.018932286649942398 0.94252197265625
1 0.8111678641289473 0.6684813145548105 0.044238027185201645 0.0550648458302021 0.8956342315673829
1 0.6157830152660608 0.9155001919716597 0.043964702636003494 0.048836883157491684 0.8902140045166016
1 0.49112657085061073 0.611353687942028 0.02622092515230179 0.05190740525722504 0.8785494232177734
1 0.2993556698784232 0.28051651176065207 0.013462988659739494 0.015653086826205254 0.817874526977539
1 0.7884806152433157 0.6738041453063488 0.016390036791563034 0.03589805215597153 0.6229390335083008
3 0.28314770478755236 0.27956078574061394 0.013033771887421608 0.017367921769618988 0.7013300323486328
