0 0.5586022958159447 0.9552777223289013 0.17887566983699799 0.0876743420958519 0.9792527770996093
0 0.18755532428622246 0.2985791750252247 0.06781991571187973 0.07734445482492447 0.9790847015380859
0 0.7441491186618805 0.581587590277195 0.1612425446510315 0.2168266326189041 0.9745310974121094
0 0.4221463203430176 0.5070182234048843 0.14204174280166626 0.1927071511745453 0.9699900817871093
0 0.549735527485609 0.36960870027542114 0.11967315524816513 0.167816162109375 0.9653868103027343
0 0.376313254237175 0.43041689693927765 0.10927203297615051 0.17178228497505188 0.961427001953125
0 0.3231959864497185 0.3538390323519707 0.11572413146495819 0.16135607659816742 0.9586914825439453
0 0.5120811760425568 0.7093092203140259 0.16729873418807983 0.2363903522491455 0.9570247650146484
0 0.2484697513282299 0.3182430788874626 0.056503646075725555 0.04462622106075287 0.9392655181884766
3 0.5399738941341639 0.6445048581808805 0.032967884093523026 0.04592957720160484 0.9334031677246094
3 0.5730076236650348 0.31947703287005424 0.022182783111929893 0.0292217954993248 0.5854495620727539
3 0.550541814416647 0.32553469203412533 0.016281001269817352 0.02054629847407341 0.5825072479248047
3 0.4451790312305093 0.4625504733994603 0.026265176013112068 0.022813642397522926 0.5521981048583985
1 0.30276099033653736 0.3155513284727931 0.015521112829446793 0.02643737755715847 0.9096514892578125
1 0.34287942852824926 0.3130568154156208 0.015632597729563713 0.03197137266397476 0.8815462493896484
1 0.717989512719214 0.523328511044383 0.0295345950871706 0.044625457376241684 0.867057113647461
1 0.7688379008322954 0.5273251850157976 0.03388315811753273 0.035948578268289566 0.8247364044189454
1 0.5322273811325431 0.32375655230134726 0.024685828015208244 0.027005089446902275 0.7836034393310547
1 0.39972426649183035 0.39303381461650133 0.023858292028307915 0.02172699011862278 0.7459721374511719
1 0.5116098280996084 0.9839650336652994 0.02190084382891655 0.030877459794282913 0.6859078979492188
1 0.7251783451065421 0.5271457824856043 0.024548975750803947 0.035647470504045486 0.640751953125
1 0.48257351480424404 0.6538059152662754 0.03390331193804741 0.03329015523195267 0.6372834014892578
4 0.5810379898175597 0.8043816899880767 0.020089847967028618 0.029799623414874077 0.7114039611816406
