0 0.8405866324901581 0.752885714173317 0.1856345534324646 0.25858691334724426 0.9918013000488282
0 0.5822883397340775 0.9017459526658058 0.2007264792919159 0.1963150054216385 0.9880687713623046
0 0.358256995677948 0.40596702694892883 0.13048166036605835 0.1828138828277588 0.9859544372558594
0 0.20704100653529167 0.2906697131693363 0.07239263504743576 0.09369374066591263 0.9797814178466797
0 0.2715754322707653 0.3040657378733158 0.06470289081335068 0.07396907359361649 0.977764892578125
0 0.6172018423676491 0.4332733377814293 0.13530762493610382 0.18927745521068573 0.9733548736572266
0 0.42352981865406036 0.526836708188057 0.1429801881313324 0.20010647177696228 0.9676517486572266
0 0.49053481221199036 0.6410792991518974 0.16131258010864258 0.22942160069942474 0.9456146240234375
1 0.596071076579392 0.38108217157423496 0.026221657171845436 0.03304694965481758 0.9174019622802735
1 0.3800403457134962 0.3596925586462021 0.018241342157125473 0.0376717746257782 0.9113138580322265
1 0.3346929904073477 0.3631980959326029 0.01872272416949272 0.03175537660717964 0.9094593048095703
1 0.8089669905602932 0.6854181438684464 0.04406344145536423 0.05844715237617493 0.8999116516113281
1 0.8684308100491762 0.6901706587523222 0.03747132793068886 0.04253449663519859 0.8928435516357421
1 0.44674993585795164 0.47995913680642843 0.029402097687125206 0.030711902305483818 0.819421157836914
1 0.1943244389258325 0.2659527948126197 0.012648026458919048 0.016157446429133415 0.8027242279052734
1 0.2199818193912506 0.266206712462008 0.014028787612915039 0.01788872666656971 0.7783378601074219
1 0.4594080522656441 0.5886227656155825 0.033646360039711 0.034982357174158096 0.7167630767822266
3 0.6164967175573111 0.8683717101812363 0.04206199571490288 0.059906572103500366 0.7996089935302735
3 0.6430411422625184 0.3769166078418493 0.025198237970471382 0.035374026745557785 0.6495501708984375
4 0.31282120756804943 0.47215232625603676 0.016501840204000473 0.04910648614168167 0.7284471130371094
4 0.757229947950691 0.8218774273991585 0.011862563900649548 0.08356441557407379 0.6892753601074219
4 0.9213821208104491 0.8529814127832651 0.01973031274974346 0.04140060022473335 0.6327360916137695
