0 0.5413311943411827 0.9109079763293266 0.2143360823392868 0.1781313270330429 0.979148941040039
0 0.18045461922883987 0.3040669187903404 0.06271977722644806 0.06979618966579437 0.860660400390625
0 0.3103381209075451 0.3410319611430168 0.10321339219808578 0.1545887440443039 0.8514031982421875
0 0.24210352450609207 0.3192608058452606 0.04794023931026459 0.029978632926940918 0.8003691864013672
0 0.48930568248033524 0.6455976590514183 0.15798546373844147 0.22274379432201385 0.7841276550292968
0 0.7146235927939415 0.5385501310229301 0.15114466845989227 0.2033982127904892 0.7755323791503906
0 0.3593396060168743 0.40287283062934875 0.10134734958410263 0.16780251264572144 0.6388117218017578
1 0.2913455725647509 0.3033820874989033 0.01431198138743639 0.025612272322177887 0.9482319641113282
1 0.32983171567320824 0.3022893965244293 0.016313903033733368 0.03332412242889404 0.8780862426757813
1 0.5802956819534302 0.8972123321145773 0.02923107147216797 0.04840613529086113 0.86276611328125
1 0.5104361176490784 0.3095370754599571 0.01740741729736328 0.028485164046287537 0.8572293853759766
1 0.5023287236690521 0.8955285474658012 0.042662620544433594 0.05032049119472504 0.8357469940185547
1 0.6892314990982413 0.4839227143675089 0.027429072186350822 0.03797881677746773 0.816912841796875
1 0.7403615908697248 0.48689831607043743 0.0292078647762537 0.032522525638341904 0.6848300933837891
1 0.51687366142869 0.5842638351023197 0.03265870362520218 0.04646284133195877 0.5862856674194336
3 0.5513761080801487 0.30709134601056576 0.02030385285615921 0.02768794819712639 0.7733255767822266
3 0.3986271619796753 0.4264959478750825 0.01833343505859375 0.021248118951916695 0.6666270446777344
3 0.5279801092110574 0.312666785903275 0.014704863540828228 0.0183847788721323 0.6253135299682617
