0 0.558996669948101 0.8687508255243301 0.1949699968099594 0.2581770718097687 0.9738333129882812
0 0.44337401539087296 0.6139834746718407 0.16857124865055084 0.24434040486812592 0.962260971069336
0 0.2679511606693268 0.30239635333418846 0.08948016166687012 0.11708240956068039 0.936552734375
0 0.604300893843174 0.9775572586804628 0.14824457466602325 0.043672237545251846 0.9349758911132813
0 0.7961951717734337 0.6762575507164001 0.1788490265607834 0.2609144449234009 0.9142475891113281
0 0.3354382738471031 0.2905523404479027 0.06647895276546478 0.09262223541736603 0.8137151336669922
0 0.06311332434415817 0.3090829513967037 0.019964277744293213 0.029192380607128143 0.5610846328735352
1 0.4132358357310295 0.5573369171470404 0.04255126416683197 0.051180463284254074 0.9468592071533203
1 0.2534550130367279 0.2689573112875223 0.013481855392456055 0.018133629113435745 0.9293438720703125
1 0.7708370480686426 0.6077650655061007 0.04530652239918709 0.04994139447808266 0.9001536560058594
1 0.4708411153405905 0.553964339196682 0.026099395006895065 0.049658939242362976 0.8938128662109375
1 0.592793345451355 0.8188516516238451 0.04267692565917969 0.04576754942536354 0.87674072265625
1 0.2846074979752302 0.2728336825966835 0.014371808618307114 0.01814080774784088 0.6300399780273438
