0 0.18999938666820526 0.2969645969569683 0.06873825192451477 0.0809447392821312 0.9839264678955079
0 0.5244966074824333 0.7439328506588936 0.1709216684103012 0.2469959408044815 0.9800894165039062
0 0.38860633224248886 0.44292545318603516 0.1206962913274765 0.17468374967575073 0.9705495452880859
0 0.5602667666971684 0.3777480497956276 0.12415803223848343 0.17286159098148346 0.9647346496582031
0 0.3286905437707901 0.36096926778554916 0.11849215626716614 0.16408668458461761 0.9637281799316406
0 0.25218776799738407 0.31662620045244694 0.05884747579693794 0.04830082133412361 0.9632509613037109
0 0.7590993046760559 0.6071855872869492 0.1640462875366211 0.22512534260749817 0.9621440887451171
0 0.43246474862098694 0.5276976302266121 0.14594215154647827 0.1986374408006668 0.9547483062744141
0 0.5571159943938255 0.9816265590488911 0.14430736005306244 0.032412268221378326 0.8614556884765625
1 0.3089255653321743 0.3227468729019165 0.01704966276884079 0.026074528694152832 0.9172209930419922
1 0.4064828157424927 0.478999862447381 0.03034210205078125 0.035113949328660965 0.904288558959961
1 0.7330789528787136 0.5457902830094099 0.03275858610868454 0.04698186740279198 0.8959182739257813
1 0.34813613491132855 0.3196837529540062 0.015473143197596073 0.03386549651622772 0.8896724700927734
1 0.5408405782654881 0.3289537075906992 0.0186327937990427 0.02981804683804512 0.8299305725097657
1 0.786507073789835 0.5499899014830589 0.04152310639619827 0.039580509066581726 0.8082456970214844
1 0.3543760161846876 0.3218512684106827 0.023789819329977036 0.035691410303115845 0.7281131744384766
1 0.4069978753104806 0.4034386584535241 0.022342713549733162 0.023154618218541145 0.639544677734375
3 0.5537007413804531 0.6763392426073551 0.03541075438261032 0.049673743546009064 0.8038787078857422
3 0.5840471861883998 0.3267600145190954 0.02227458916604519 0.03021220490336418 0.7302684020996094
4 0.5948941987007856 0.8421788057312369 0.02067750319838524 0.031151382252573967 0.6130757141113281
