1 0.5774618145078421 0.8738005124032497 0.030770491808652878 0.047088734805583954 0.9162462615966797
1 0.6818328341469169 0.4757304694503546 0.027326075360178947 0.0398927740752697 0.8934149932861328
1 0.2880620062351227 0.30038137920200825 0.012788772583007812 0.02275678887963295 0.8933446502685547
1 0.3255322058685124 0.2993739861994982 0.013665453530848026 0.03201175108551979 0.7885291290283203
1 0.5002948474138975 0.8706659860908985 0.03957458958029747 0.04666832834482193 0.7615778350830078
1 0.5045057972893119 0.3077453672885895 0.01729818992316723 0.024356842041015625 0.7185964965820313
1 0.3703015027567744 0.41821893211454153 0.023099517449736595 0.025977296754717827 0.6528771209716797
1 0.733941400423646 0.4762603100389242 0.027884293347597122 0.03609992191195488 0.5516231155395508
0 0.5382977649569511 0.8996649235486984 0.21055381000041962 0.20063087344169617 0.9059259033203125
0 0.17798789963126183 0.3057595007121563 0.06255563348531723 0.06894316524267197 0.8082070159912109
0 0.7070899084210396 0.5278722569346428 0.15009702742099762 0.2015313357114792 0.8013955688476563
0 0.35608742758631706 0.39702438563108444 0.09910186380147934 0.16505949199199677 0.6183715438842774
0 0.3026859909296036 0.3372151851654053 0.09838840365409851 0.1523057222366333 0.6166070556640625
0 0.2400103323161602 0.31955064088106155 0.0442267581820488 0.025230124592781067 0.6126337814331054
0 0.48413775116205215 0.6294405311346054 0.15755583345890045 0.22160384058952332 0.5782307815551758
2 0.10283506661653519 0.26088035106658936 0.0680144727230072 0.14713752269744873 0.7363617706298828
