0 0.5870488733053207 0.9303335696458817 0.21459779143333435 0.13757601380348206 0.9915652465820313
0 0.2882893718779087 0.3149101212620735 0.09532315284013748 0.12358440458774567 0.9797167205810546
0 0.3488765209913254 0.28910423442721367 0.06955668330192566 0.09757470339536667 0.9753382110595703
0 0.468340739607811 0.6981337815523148 0.18155774474143982 0.26371732354164124 0.9551055145263672
0 0.8544204905629158 0.7686452269554138 0.19378973543643951 0.282609224319458 0.9211344146728515
0 0.06363471876829863 0.30836695432662964 0.018718918785452843 0.028899073600769043 0.6161507797241211
1 0.4362616278231144 0.6391182392835617 0.04616463929414749 0.05427059531211853 0.9846661376953125
1 0.2717385091818869 0.2790069915354252 0.014193852432072163 0.019035764038562775 0.9485067749023437
1 0.4988235551863909 0.6327938940376043 0.030272070318460464 0.053942304104566574 0.9415341949462891
1 0.8268508743494749 0.6929192151874304 0.047275032848119736 0.05325130745768547 0.927538833618164
1 0.6231979094445705 0.9508343283087015 0.04610239714384079 0.05176674202084541 0.8674419403076172
1 0.30514217214658856 0.2834210526198149 0.014812246896326542 0.018989648669958115 0.6995848846435547
3 0.8877302519977093 0.6875973232090473 0.04350318759679794 0.05768737941980362 0.6701065063476562
3 0.28861337900161743 0.28392631001770496 0.012434959411621094 0.017661992460489273 0.5565668487548828
