0 0.5979394093155861 0.9303086400032043 0.20581366121768951 0.1390467882156372 0.9870087432861329
0 0.8639258295297623 0.7973550707101822 0.1939273178577423 0.2703428566455841 0.985831298828125
0 0.21207255125045776 0.28866298124194145 0.07440117001533508 0.09817849844694138 0.9798439788818359
0 0.2776118442416191 0.3044760264456272 0.06616760790348053 0.07216734439134598 0.9738353729248047
0 0.36706293374300003 0.42192473262548447 0.13248653709888458 0.18740706145763397 0.9731378173828125
0 0.6339125782251358 0.4504668265581131 0.13798180222511292 0.19580504298210144 0.9725040435791016
0 0.5052256062626839 0.6793788075447083 0.16831226646900177 0.23784196376800537 0.9529719543457031
0 0.4338907524943352 0.5531650632619858 0.142292782664299 0.20653101801872253 0.9170738983154297
1 0.6127637112513185 0.395248482003808 0.028424518182873726 0.036874670535326004 0.9306782531738281
1 0.8319244179874659 0.7273506056517363 0.04224713519215584 0.05864014849066734 0.9172216033935547
1 0.3887252528220415 0.3770608864724636 0.02133900299668312 0.03960483521223068 0.8896277618408203
1 0.34078078903257847 0.37948216684162617 0.022795964032411575 0.03543684259057045 0.8874671173095703
1 0.8899013567715883 0.7336368896067142 0.03249410167336464 0.041464515030384064 0.828623046875
1 0.47233783826231956 0.6230444516986609 0.03984581679105759 0.042369645088911057 0.8199365997314453
1 0.45906220469623804 0.5044997427612543 0.030139001086354256 0.03312869742512703 0.7946073150634766
1 0.19968874054029584 0.26551245618611574 0.013656393624842167 0.015092948451638222 0.6191489028930665
4 0.7771131675690413 0.8726927451789379 0.011177953332662582 0.08035560697317123 0.7602667999267578
