0 0.7837141826748848 0.6490845307707787 0.1704857498407364 0.23509244620800018 0.9929863739013672
0 0.5778278633952141 0.3925445154309273 0.12578557431697845 0.17943109571933746 0.98785400390625
0 0.541964203119278 0.8012321591377258 0.18042606115341187 0.25774502754211426 0.9873764801025391
0 0.33827153593301773 0.3722221925854683 0.12201185524463654 0.16918577253818512 0.9848838806152344
0 0.4003451466560364 0.46385549008846283 0.12418508529663086 0.18161270022392273 0.9778614807128906
0 0.4510929733514786 0.5583774000406265 0.15064659714698792 0.20608684420585632 0.9746488952636718
0 0.19522666186094284 0.29416175186634064 0.07004477083683014 0.08612653613090515 0.9738697052001953
0 0.2584087625145912 0.31116719730198383 0.061309561133384705 0.058331046253442764 0.9437355041503906
1 0.31561318412423134 0.3326679514721036 0.018160946667194366 0.02953321672976017 0.9131971740722656
1 0.3573107938282192 0.3300000000745058 0.01428340282291174 0.035343680530786514 0.9066975402832032
1 0.7563590295612812 0.5860329754650593 0.03637657314538956 0.04919145256280899 0.9055528259277343
1 0.8110152594745159 0.5900509897619486 0.03784599155187607 0.040535200387239456 0.8743798828125
1 0.5578497648239136 0.34221174381673336 0.01878833770751953 0.03163997456431389 0.8304027557373047
1 0.1836946397088468 0.2711955881677568 0.013544606976211071 0.014967317692935467 0.721103515625
1 0.4226956069469452 0.4223020179197192 0.028151512145996094 0.023073097690939903 0.5702049255371093
4 0.47773699555546045 0.888096634298563 0.028904946520924568 0.08356023579835892 0.7751803588867188
4 0.3492539841681719 0.5247564855962992 0.017099443823099136 0.062072981148958206 0.7732964324951171
4 0.2927705249749124 0.4341831523925066 0.012162367813289165 0.046750668436288834 0.7562177276611328
4 0.7081426181830466 0.7070564106106758 0.011527379043400288 0.08879818022251129 0.7434832763671875
4 0.6169857028871775 0.9036588296294212 0.021460343152284622 0.03424970805644989 0.7198249816894531
5 0.4553685877472162 0.5997043624520302 0.045420486479997635 0.021926596760749817 0.7713333129882812
3 0.5719432067126036 0.7299480009824038 0.03539320454001427 0.05155662074685097 0.7081288909912109
3 0.6032801233232021 0.34052978456020355 0.02530466765165329 0.033278852701187134 0.5946827697753906
2 0.10306064411997795 0.26080648601055145 0.06857121735811234 0.14692875742912292 0.5912279510498046
