0 0.5775775164365768 0.9095281958580017 0.21802040934562683 0.18008208274841309 0.9829463958740234
0 0.24977893382310867 0.29532938823103905 0.08449701964855194 0.1126825138926506 0.9742593383789062
0 0.5241667181253433 0.7687345892190933 0.17796799540519714 0.2557738125324249 0.9444028472900391
0 0.7436683475971222 0.5960850268602371 0.16616719961166382 0.23875591158866882 0.9315135192871093
0 0.4201853945851326 0.5459485128521919 0.15658016502857208 0.22591979801654816 0.8814645385742188
0 0.32031629234552383 0.2926815077662468 0.06696338951587677 0.0879317969083786 0.8788903045654297
0 0.06419340800493956 0.3077450627461076 0.01781485788524151 0.02622191794216633 0.7113365936279297
1 0.39163524471223354 0.4954380542039871 0.039160918444395065 0.044776350259780884 0.9527548980712891
1 0.2355265519581735 0.26378725096583366 0.012835423462092876 0.016341768205165863 0.9336731719970703
1 0.554457226768136 0.7096716556698084 0.040699321776628494 0.040088851004838943 0.9331131744384765
1 0.4441317217424512 0.49163132533431053 0.022685209289193153 0.046253375709056854 0.9011229705810547
1 0.7195695042610168 0.5316883772611618 0.03906059265136719 0.04751750826835632 0.8789694213867187
1 0.5414165742695332 0.902459193021059 0.05360279232263565 0.05621049553155899 0.7950384521484375
1 0.2662163316272199 0.2670461069792509 0.013726997189223766 0.016087736934423447 0.6934552764892579
1 0.30276791052892804 0.2693105675280094 0.012928263284265995 0.013104446232318878 0.5555326461791992
4 0.45979592576622963 0.8465788140892982 0.02528870850801468 0.09975190460681915 0.7176434326171875
3 0.7756061796098948 0.5265039782971144 0.034360695630311966 0.05109738931059837 0.5938647842407226
