0 0.5638984255492687 0.37902168929576874 0.12347444146871567 0.17451050877571106 0.9827620697021484
0 0.19059153646230698 0.29643772915005684 0.06834296882152557 0.0820065513253212 0.9777953338623047
0 0.763614110648632 0.613674059510231 0.16478990018367767 0.2253444492816925 0.9664989471435547
0 0.2531207576394081 0.3168773017823696 0.05949901044368744 0.05030124634504318 0.9582452392578125
0 0.5267548486590385 0.7532216608524323 0.1721302717924118 0.24595636129379272 0.9553447723388672
0 0.3893490172922611 0.44600915908813477 0.11965472251176834 0.17674684524536133 0.9451028442382813
0 0.33002249896526337 0.36246001720428467 0.12009808421134949 0.1647120714187622 0.9449807739257813
0 0.4364214166998863 0.5331858471035957 0.1468527764081955 0.1993023306131363 0.9390919494628907
1 0.7375918105244637 0.553366856649518 0.036502137780189514 0.04816487804055214 0.9418565368652344
1 0.3086241027340293 0.3232810804620385 0.017059771344065666 0.028498472645878792 0.9368257141113281
1 0.5427690660580993 0.33142715971916914 0.022267086431384087 0.03019595704972744 0.9107217407226562
1 0.7900790460407734 0.5580570362508297 0.03666267544031143 0.03597276657819748 0.9034169006347657
1 0.350152725353837 0.32162890769541264 0.01787405088543892 0.03322513774037361 0.8866693115234375
1 0.4094275180250406 0.48382672667503357 0.029881764203310013 0.034923017024993896 0.7883621215820312
1 0.41045043896883726 0.40339495241642 0.023556550964713097 0.026891440153121948 0.7121484375
3 0.5561645235866308 0.6843573041260242 0.03546969220042229 0.050752200186252594 0.9188882446289063
3 0.5877591213211417 0.3286725515499711 0.022772280499339104 0.029842065647244453 0.8640260314941406
