0 0.54188521951437 0.8056793957948685 0.18871848285198212 0.2668133080005646 0.9861053466796875
0 0.912036620080471 0.8976516649127007 0.17438380420207977 0.20219992101192474 0.9747819519042968
0 0.4732907712459564 0.6423364281654358 0.15842586755752563 0.2302476167678833 0.9516876220703125
0 0.68264439702034 0.5134590864181519 0.15013796091079712 0.21519428491592407 0.9314286804199219
0 0.22941245511174202 0.2891840189695358 0.07986227422952652 0.10542652010917664 0.9309708404541016
0 0.39100947231054306 0.47270748764276505 0.14287970960140228 0.20576561987400055 0.9071788024902344
0 0.29695192351937294 0.29820850118994713 0.06927240639925003 0.08017420023679733 0.8657979583740234
0 0.06404922530055046 0.3070799820125103 0.018040888011455536 0.025069795548915863 0.807115707397461
1 0.6610821280628443 0.45306121185421944 0.03532155230641365 0.0450994148850441 0.9237942504882812
1 0.41434134636074305 0.4218808263540268 0.023226769641041756 0.04220905900001526 0.904454345703125
1 0.8969163969159126 0.8716157265007496 0.04933764040470123 0.06944528967142105 0.9031223297119141
1 0.5077569019049406 0.7380964420735836 0.04166361317038536 0.046860985457897186 0.8724410247802734
1 0.36463494691997766 0.4254473987966776 0.031064065173268318 0.03692268207669258 0.8711849212646484
1 0.9625626485794783 0.8779262136667967 0.0379447303712368 0.04487892612814903 0.8326100921630859
1 0.49947118759155273 0.5888947267085314 0.03735637664794922 0.03642595186829567 0.8314442443847656
1 0.21609597885981202 0.26062367111444473 0.013764222152531147 0.01770593225955963 0.7916145324707031
1 0.24397197645157576 0.2635923009365797 0.012953376397490501 0.015082832425832748 0.6923224639892578
4 0.6201954400166869 0.8914399147033691 0.025326473638415337 0.06903398036956787 0.7857364654541016
4 0.4717784486711025 0.9049208201467991 0.02636801451444626 0.06161702424287796 0.669263687133789
4 0.4512525023892522 0.6026213113218546 0.0293292049318552 0.02008293941617012 0.5896942138671875
