0 0.5747416540980339 0.9027557522058487 0.20518766343593597 0.19226565957069397 0.9862481689453125
0 0.27873506024479866 0.3089575432240963 0.09300646930932999 0.12253092974424362 0.972043685913086
0 0.34293364360928535 0.28913049027323723 0.0673157349228859 0.09575127810239792 0.958116683959961
0 0.8274480849504471 0.7248657196760178 0.18652763962745667 0.27293989062309265 0.9202288818359375
0 0.45658836513757706 0.6594315320253372 0.1738988310098648 0.2549377977848053 0.9008528137207031
0 0.0637037381529808 0.3086995165795088 0.01887340098619461 0.029017921537160873 0.7787179565429687
1 0.4255758300423622 0.6014063749462366 0.04348255693912506 0.051791269332170486 0.9491808319091797
1 0.48385783191770315 0.5969268027693033 0.02366708032786846 0.05053948238492012 0.9401675415039062
1 0.6093553900718689 0.8920182716101408 0.046741485595703125 0.051459815353155136 0.9187624359130859
1 0.799485620111227 0.6520758401602507 0.045239321887493134 0.05217805132269859 0.9114211273193359
1 0.26386390905827284 0.27402164321392775 0.013813352212309837 0.018201446160674095 0.8925525665283203
1 0.2952676098793745 0.2791827628389001 0.013090070337057114 0.015276731923222542 0.8490767669677735
4 0.24476830754429102 0.35438523441553116 0.011957438662648201 0.026651933789253235 0.7068406677246094
4 0.31593670649454 0.35986002907156944 0.013060792349278927 0.01849161833524704 0.5690975189208984
