0 0.42167390137910843 0.5518453195691109 0.15811987221240997 0.22750826179981232 0.9835955810546875
0 0.5812764540314674 0.9148590341210365 0.21855325996875763 0.1683095246553421 0.98220947265625
0 0.25113725662231445 0.29595018923282623 0.08437779545783997 0.11286544799804688 0.9802797698974609
0 0.3213243633508682 0.2928265705704689 0.06673243641853333 0.08884020149707794 0.9751555633544922
0 0.528720460832119 0.7768482565879822 0.17720149457454681 0.2597033977508545 0.9749625396728515
0 0.7485754042863846 0.6030345633625984 0.1653999388217926 0.2407115250825882 0.8935455322265625
0 0.064587258733809 0.3079949989914894 0.017447741702198982 0.026849761605262756 0.6191035079956054
1 0.39388322085142136 0.49985783733427525 0.038216814398765564 0.04562722519040108 0.9456507873535156
1 0.23789145750924945 0.26383585203439 0.012920363806188107 0.0166934821754694 0.9273442077636719
1 0.7243187669664621 0.5359395053237677 0.037873078137636185 0.04946933314204216 0.9038365936279297
1 0.44765045028179884 0.49641722440719604 0.025954818353056908 0.04637420177459717 0.8948932647705078
1 0.5582482386380434 0.7181808743625879 0.04019788280129433 0.039874155074357986 0.8449176025390625
1 0.5435100551694632 0.9136486146599054 0.04878110811114311 0.053720373660326004 0.8274720001220703
1 0.26808269834145904 0.2675428967922926 0.013887803070247173 0.015552040189504623 0.732962646484375
4 0.4538027960807085 0.8529873602092266 0.010597769170999527 0.08416702598333359 0.6210869598388672
3 0.25286544766277075 0.2668249858543277 0.011156527325510979 0.014896562322974205 0.5701788711547852
