0 0.7715978100895882 0.6286941394209862 0.16744734346866608 0.22953824698925018 0.9842788696289062
0 0.5694426521658897 0.3825046643614769 0.12608306109905243 0.1784403771162033 0.9836307525634765
0 0.5324864462018013 0.7725450396537781 0.17674477398395538 0.2531355619430542 0.9733179473876953
0 0.19258521869778633 0.29565371945500374 0.06839097291231155 0.08445671945810318 0.9729566955566407
0 0.2555533293634653 0.31538824178278446 0.061525870114564896 0.05163266137242317 0.9674091339111328
0 0.33471987023949623 0.36627545207738876 0.11986882239580154 0.16742341220378876 0.962681884765625
0 0.4418424665927887 0.5432834699749947 0.14932209253311157 0.20109964907169342 0.9601752471923828
0 0.3944396302103996 0.4531455636024475 0.1236722320318222 0.17867940664291382 0.9589804840087891
1 0.7983708493411541 0.5704991370439529 0.03719749301671982 0.03800037503242493 0.9233375549316406
1 0.3542887968942523 0.3244984671473503 0.01964791677892208 0.03506116569042206 0.9226683044433593
1 0.31201066356152296 0.32811130210757256 0.01620779000222683 0.026928089559078217 0.9162752532958984
1 0.7453310284763575 0.5666609536856413 0.03434022143483162 0.04577150568366051 0.9074663543701171
1 0.55066495295614 0.3376997662708163 0.025369388982653618 0.027416935190558434 0.8240758514404297
1 0.1814069994725287 0.27480262937024236 0.009491999633610249 0.014353462494909763 0.8038677215576172
1 0.41429770179092884 0.49303188920021057 0.031189028173685074 0.035732805728912354 0.781633529663086
1 0.4115584157407284 0.41163649316877127 0.023380152881145477 0.02597622387111187 0.616574821472168
4 0.6053540902212262 0.8724531773477793 0.02126280404627323 0.0326954610645771 0.7209833526611328
4 0.6974211456254125 0.6882891617715359 0.010401153936982155 0.08116709440946579 0.7115702056884765
4 0.47082899045199156 0.8603387624025345 0.026746591553092003 0.07621708512306213 0.6123030090332031
3 0.5626544784754515 0.7024081498384476 0.03560396656394005 0.050986677408218384 0.6415540313720703
