0 0.8828851133584976 0.8377374410629272 0.20140889286994934 0.28145575523376465 0.9903350830078125
0 0.5153144523501396 0.7136595472693443 0.1700293868780136 0.2445484846830368 0.9786591339111328
0 0.6155202463269234 0.9546116143465042 0.17458225786685944 0.08915546536445618 0.9709151458740234
0 0.217262901365757 0.28458452597260475 0.0781850665807724 0.10797978192567825 0.9704949188232422
0 0.37429384142160416 0.43503525853157043 0.13662315905094147 0.1892666220664978 0.964916000366211
0 0.6475323513150215 0.4658750742673874 0.14182962477207184 0.20320788025856018 0.9597611236572265
0 0.2837981954216957 0.30266382545232773 0.06557418406009674 0.07482562959194183 0.9596060180664062
0 0.445075161755085 0.5743954554200172 0.15151865780353546 0.2117367535829544 0.9545501708984375
0 0.06439657136797905 0.3081520367413759 0.01817864179611206 0.030914220958948135 0.6693836212158203
1 0.6257334435358644 0.40933115780353546 0.027552859857678413 0.039475589990615845 0.9184699249267578
1 0.3469557883217931 0.3902067355811596 0.025366688147187233 0.03558691591024399 0.90656494140625
1 0.3961399970576167 0.387743066996336 0.018932437524199486 0.03887190669775009 0.8695530700683594
1 0.204309216234833 0.26220305915921926 0.01342554111033678 0.018271608278155327 0.8670494842529297
1 0.8496772963553667 0.7659369856119156 0.043953005224466324 0.05929294228553772 0.8638675689697266
1 0.23176648700609803 0.26474959356710315 0.013962347991764545 0.015131010673940182 0.8442456817626953
1 0.9127347432076931 0.7703952956944704 0.04139315336942673 0.04456594958901405 0.8242060089111328
1 0.21998899150639772 0.24916193634271622 0.02198139764368534 0.04386277496814728 0.6774773406982422
1 0.4874213710427284 0.6516576372087002 0.03236319124698639 0.045326344668865204 0.6336026763916016
1 0.40322021022439003 0.3911422286182642 0.022932179272174835 0.03238590434193611 0.6316415786743164
4 0.793386344332248 0.911212082952261 0.011757024563848972 0.08357464522123337 0.8765142822265625
4 0.4214377487078309 0.5359098119661212 0.02774311788380146 0.021574458107352257 0.601086082458496
4 0.18780747847631574 0.32458101492375135 0.010463015176355839 0.02948150597512722 0.5568019104003906
3 0.2716560126282275 0.2847705874592066 0.012635421939194202 0.008686263114213943 0.7581974792480469
