0 0.5525456443428993 0.9440484158694744 0.22107566893100739 0.11190321296453476 0.9886498260498047
0 0.5073165073990822 0.6928742006421089 0.1666916161775589 0.23232342302799225 0.9848802185058594
0 0.1857464499771595 0.2991197556257248 0.06559673696756363 0.07735112309455872 0.9567411804199218
0 0.3185843415558338 0.34998422116041183 0.11406151205301285 0.15972445905208588 0.9566728210449219
0 0.4167889282107353 0.49648337811231613 0.140420600771904 0.19191865622997284 0.9555093383789063
0 0.5438702516257763 0.36510618031024933 0.12038173526525497 0.16561058163642883 0.9483438873291016
0 0.7364326417446136 0.5691100582480431 0.15811628103256226 0.2148352712392807 0.9151852416992188
0 0.3730000853538513 0.42324844002723694 0.10899209976196289 0.17024189233779907 0.9134319305419922
0 0.24704604595899582 0.3194897938519716 0.057284578680992126 0.040096793323755264 0.8860138702392578
1 0.29995874548330903 0.31245551630854607 0.0132382707670331 0.023862145841121674 0.9066455078125
1 0.5122947823256254 0.9722504932433367 0.0580877922475338 0.05440622940659523 0.8880339813232422
1 0.7110533881932497 0.5131275542080402 0.03202775493264198 0.04367432743310928 0.8738729095458985
1 0.7612901534885168 0.5162115264683962 0.03407732769846916 0.03436002507805824 0.8562310791015625
1 0.5909895859658718 0.9680184498429298 0.0313337966799736 0.0506567507982254 0.83732421875
1 0.33952148724347353 0.3107445705682039 0.016537824645638466 0.0353224016726017 0.8369786834716797
1 0.5247595990076661 0.3196209603920579 0.019804256036877632 0.02664862759411335 0.7637742614746094
1 0.5342445094138384 0.6278986521065235 0.034047190099954605 0.04839257150888443 0.7581935882568359
1 0.5324552813544869 0.3217844758182764 0.025120289996266365 0.023349422961473465 0.7094872283935547
1 0.3967243768274784 0.3833975726738572 0.02822316437959671 0.026561425998806953 0.6965901184082032
1 0.17410609312355518 0.279453850351274 0.013010088354349136 0.016293419525027275 0.6606482696533204
3 0.5666211489588022 0.3165484433993697 0.02188568189740181 0.028602374717593193 0.8203679656982422
2 0.10328065976500511 0.26097501814365387 0.0685759112238884 0.14734551310539246 0.5651852416992188
