0 0.8871698006987572 0.8463146686553955 0.20436732470989227 0.28243494033813477 0.9919348907470703
0 0.5185353085398674 0.7220750600099564 0.17003504931926727 0.2450752556324005 0.9848798370361328
0 0.6155748963356018 0.9610482417047024 0.1612710952758789 0.0772477313876152 0.9830794525146485
0 0.3759765475988388 0.4374714121222496 0.1362176239490509 0.1907263845205307 0.979703140258789
0 0.21829581260681152 0.2840997315943241 0.07865068316459656 0.10823515802621841 0.9776262664794921
0 0.2850288599729538 0.30259229242801666 0.065900057554245 0.07545682787895203 0.9729886627197266
0 0.6504478380084038 0.4696723148226738 0.14318452775478363 0.2043493241071701 0.9728624725341797
0 0.44922608882188797 0.5810004249215126 0.1541830450296402 0.21395070850849152 0.9656748962402344
0 0.06443392671644688 0.30772171076387167 0.018385227769613266 0.027576221153140068 0.8165924835205078
1 0.3993486324325204 0.39048463106155396 0.02159026451408863 0.03957200050354004 0.9308387756347656
1 0.8531709909439087 0.7743559014052153 0.046935081481933594 0.06212892755866051 0.9199497985839844
1 0.34812917932868004 0.39227642118930817 0.024049632251262665 0.03517535328865051 0.9031280517578125
1 0.4849047940224409 0.6615339275449514 0.04043000563979149 0.04745681211352348 0.8659426879882812
1 0.6241737045347691 0.4153452254831791 0.02507508546113968 0.03498388081789017 0.8619609832763672
1 0.9177928287535906 0.7796797752380371 0.04049784317612648 0.04485321044921875 0.8606139373779297
1 0.23326144833117723 0.2629075599834323 0.012109184637665749 0.018182089552283287 0.8559536743164062
1 0.47277649492025375 0.5309914033859968 0.036166414618492126 0.03069966658949852 0.8311985778808594
1 0.20498069422319531 0.2619124464690685 0.012171999551355839 0.018063269555568695 0.7939838409423828
1 0.2562425662763417 0.27801603078842163 0.012905613519251347 0.03185164928436279 0.7105355834960938
4 0.797968284226954 0.9207795113325119 0.013004811480641365 0.09170803427696228 0.7410227966308593
4 0.3840375365689397 0.650209616869688 0.00917806662619114 0.06194593757390976 0.7319680786132813
4 0.39494973979890347 0.6644241511821747 0.017377566546201706 0.045498430728912354 0.6201335906982421
4 0.32700291089713573 0.5075029917061329 0.016865190118551254 0.052027441561222076 0.5897148895263672
3 0.6783183654770255 0.4086073450744152 0.028628794476389885 0.037825606763362885 0.5745475387573242
