0 0.5883735939860344 0.9328094199299812 0.22225873172283173 0.13437415659427643 0.9742239379882812
0 0.25588691607117653 0.29717354103922844 0.0857616737484932 0.11405297368764877 0.9734096527099609
0 0.3257480524480343 0.2918305918574333 0.06755291670560837 0.09158845245838165 0.9714035034179688
0 0.53687484562397 0.8077504187822342 0.18465957045555115 0.2644539177417755 0.9245886993408203
0 0.4271053820848465 0.568334087729454 0.16033324599266052 0.2332453429698944 0.8773657989501953
0 0.06420700438320637 0.30737653002142906 0.01825154945254326 0.026758603751659393 0.7429747009277343
0 0.7625036314129829 0.6236613765358925 0.16853155195713043 0.2479136735200882 0.7331402587890625
1 0.3983472976833582 0.5141607914119959 0.040738899260759354 0.048044104129076004 0.9322020721435547
1 0.5701964385807514 0.7470271904021502 0.03918895870447159 0.04404443874955177 0.9199267578125
1 0.24170758901163936 0.26541287545114756 0.013938299380242825 0.017866091802716255 0.9094721984863281
1 0.45380046125501394 0.5112252179533243 0.027213795110583305 0.050873029977083206 0.9000148010253907
1 0.2720358967781067 0.26903461664915085 0.013695716857910156 0.015798553824424744 0.8667475891113281
1 0.735930148512125 0.557425132021308 0.04008401185274124 0.046072106808423996 0.8156398010253906
1 0.5510880146175623 0.9473358392715454 0.041863758116960526 0.04967606067657471 0.8034429931640625
4 0.4705401975661516 0.8888517804443836 0.02646738663315773 0.10368064790964127 0.7732746887207032
