0 0.877701498568058 0.8280651122331619 0.19814331829547882 0.27590981125831604 0.9861296081542968
0 0.5133874341845512 0.704658679664135 0.17039363086223602 0.24172447621822357 0.9725016784667969
0 0.6175169050693512 0.9480597376823425 0.19432920217514038 0.10261094570159912 0.9724263763427734
0 0.2160811461508274 0.28615444898605347 0.0759655013680458 0.10343387722969055 0.9679390716552735
0 0.6433787196874619 0.46185144037008286 0.1404481828212738 0.2011883705854416 0.9612075042724609
0 0.28240227326750755 0.30367234721779823 0.06534498184919357 0.07347042113542557 0.9610704040527344
0 0.37193121016025543 0.43171384930610657 0.13482466340065002 0.1879953145980835 0.944140396118164
0 0.4419115260243416 0.5698775053024292 0.14796240627765656 0.21015876531600952 0.8348770904541015
0 0.06434689648449421 0.30817193258553743 0.018118854612112045 0.030218789353966713 0.7157005310058594
1 0.34865666273981333 0.38764871656894684 0.030293719843029976 0.035078853368759155 0.955198745727539
1 0.6242382880300283 0.4060986042022705 0.03330058977007866 0.03871101140975952 0.9513153839111328
1 0.843020698055625 0.7552424129098654 0.0473887138068676 0.06188620254397392 0.9455130767822265
1 0.39449439011514187 0.3850070498883724 0.019636821001768112 0.03896778076887131 0.9390393829345703
1 0.9065956305712461 0.7587955594062805 0.0401892326772213 0.04932403564453125 0.9207508850097657
1 0.4669341277331114 0.5209381151944399 0.035124268382787704 0.03247550502419472 0.8662802124023438
1 0.22936747688800097 0.26509281573817134 0.01271810568869114 0.014168492518365383 0.8294096374511719
1 0.2030791132710874 0.26262909173965454 0.013402271084487438 0.01765495538711548 0.8243096160888672
1 0.48001695051789284 0.6464085765182972 0.039121754467487335 0.04563073068857193 0.8201757049560547
1 0.2532786945812404 0.27792434208095074 0.014394505880773067 0.03577699884772301 0.682928466796875
1 0.25003793835639954 0.2681917492300272 0.010484457015991211 0.01922302320599556 0.6509869384765625
4 0.7890632031485438 0.9005627408623695 0.011839484795928001 0.09110887348651886 0.7384809112548828
3 0.6692768456414342 0.4011916574090719 0.024732017889618874 0.036269377917051315 0.6121770095825195
3 0.6454305723309517 0.9666433408856392 0.047279611229896545 0.06482662260532379 0.5711844635009765
