0 0.5623269006609917 0.8724862635135651 0.2035606950521469 0.2546754479408264 0.9721760559082031
0 0.5007692500948906 0.7062903791666031 0.1670328825712204 0.24198845028877258 0.9646659851074219
0 0.40665072202682495 0.5114956647157669 0.15050464868545532 0.21611085534095764 0.9493069458007812
0 0.7140039429068565 0.5543312728404999 0.1579463928937912 0.22707974910736084 0.9226211547851563
0 0.9309676960110664 0.9439874365925789 0.13806463778018951 0.11059214174747467 0.9090324401855469
0 0.23969446867704391 0.29290593042969704 0.08272723853588104 0.10988882929086685 0.8932778930664063
0 0.06328156590461731 0.30868005473166704 0.020182020962238312 0.029493147507309914 0.6366409683227539
1 0.9370013754814863 0.965408343821764 0.05599683150649071 0.06773094087839127 0.9610321044921875
1 0.5254307705909014 0.8192239664494991 0.046815935522317886 0.05233447998762131 0.9289350128173828
1 0.2265569339506328 0.26353795267641544 0.013205989263951778 0.018616456538438797 0.9079596710205078
1 0.4325975514948368 0.45718949660658836 0.027282841503620148 0.047466449439525604 0.9027761840820312
1 0.5285292100161314 0.6523922681808472 0.039651837199926376 0.03946030139923096 0.8840522003173829
1 0.37889290414750576 0.46208986826241016 0.036649417132139206 0.042203549295663834 0.87454833984375
1 0.6883672876283526 0.49153522588312626 0.030215581879019737 0.041637618094682693 0.8587421417236328
1 0.25533398194238544 0.2654063869267702 0.014323933981359005 0.016494128853082657 0.6175311660766601
4 0.6483825165778399 0.6072665713727474 0.011058870702981949 0.10040729492902756 0.7020709228515625
4 0.43100808281451464 0.7821262702345848 0.011852169409394264 0.07279448211193085 0.6725872039794922
4 0.44251879025250673 0.7881158068776131 0.020347753539681435 0.0776604562997818 0.6366171264648437
