0 0.41824838519096375 0.5421446785330772 0.15609502792358398 0.22240160405635834 0.981305923461914
0 0.5752444043755531 0.9044599756598473 0.2158452421426773 0.18885402381420135 0.9781397247314453
0 0.7397892698645592 0.5891857668757439 0.164651557803154 0.23785220086574554 0.9768389129638672
0 0.520779013633728 0.7578694224357605 0.1745280623435974 0.2554847002029419 0.970948486328125
0 0.2485526241362095 0.2947240471839905 0.08384046703577042 0.11064690351486206 0.970384750366211
0 0.3185347244143486 0.2928386926651001 0.06683133542537689 0.08726125955581665 0.8325697326660156
0 0.06339370273053646 0.307600911706686 0.01934259757399559 0.026766233146190643 0.6697078704833984
1 0.3905454855412245 0.49028283171355724 0.03754609450697899 0.04747616872191429 0.9148271179199219
1 0.44195870123803616 0.4849368426948786 0.025077056139707565 0.05003543570637703 0.901603775024414
1 0.5506696347147226 0.7001782432198524 0.03886823728680611 0.04186220467090607 0.9002274322509766
1 0.7112177181988955 0.5255362186580896 0.03200868144631386 0.0441182442009449 0.8990289306640625
1 0.234672746155411 0.2641416401602328 0.012328815646469593 0.015218240208923817 0.8811009216308594
1 0.5377081073820591 0.8891301024705172 0.04783070832490921 0.0461103655397892 0.799552001953125
1 0.301624059677124 0.26903278939425945 0.011507511138916016 0.013646867126226425 0.7033258056640626
1 0.26500364718958735 0.2659136997535825 0.013888469897210598 0.01751638390123844 0.671612777709961
4 0.4581714849919081 0.8410889096558094 0.025631841272115707 0.09034339338541031 0.7807714080810547
4 0.44824866065755486 0.832734227180481 0.010449600405991077 0.07485628128051758 0.6744274139404297
4 0.8083007615059614 0.67831508256495 0.019665654748678207 0.049258310347795486 0.6151143264770508
4 0.3625772278755903 0.621858449652791 0.018729623407125473 0.06048030033707619 0.5542514419555664
3 0.24833181081339717 0.2663492588326335 0.010742775164544582 0.014293020591139793 0.6118454360961914
3 0.7711804341524839 0.5210095681250095 0.03505083546042442 0.04964763671159744 0.5677541351318359
