0 0.5479054525494576 0.822848379611969 0.1819675713777542 0.26388347148895264 0.9910437774658203
0 0.5835178792476654 0.3983261361718178 0.12957197427749634 0.18156518042087555 0.9835311889648437
0 0.3411656953394413 0.3775234967470169 0.1213918998837471 0.1717769205570221 0.9817980194091797
0 0.7922021970152855 0.6640579774975777 0.17189674079418182 0.23624397814273834 0.9809600067138672
0 0.19676069542765617 0.2938358820974827 0.07143580168485641 0.08819396048784256 0.9717975616455078
0 0.4030889496207237 0.4730561673641205 0.1278846710920334 0.18545597791671753 0.9649350738525391
0 0.45636579394340515 0.5702187940478325 0.15368276834487915 0.20882974565029144 0.9532796478271485
0 0.26083839125931263 0.31022890098392963 0.06053713336586952 0.05923346057534218 0.9381800079345703
1 0.31801851373165846 0.33817835804075 0.019325828179717064 0.029260678216814995 0.9310806274414063
1 0.8193303309381008 0.6048535257577896 0.03877627104520798 0.040954023599624634 0.916553726196289
1 0.7634606789797544 0.6016981769353151 0.03929850086569786 0.05361655727028847 0.9010824584960937
1 0.36101143527776003 0.3345063794404268 0.016200700774788857 0.03477195277810097 0.8928146362304688
1 0.42825767397880554 0.5185828078538179 0.030501842498779297 0.03796866908669472 0.8804023742675782
1 0.5637895977124572 0.3499450497329235 0.017010433599352837 0.026020728051662445 0.8640670013427735
1 0.18485616240650415 0.2696573110297322 0.010802539065480232 0.015179330483078957 0.7222234344482422
1 0.36805219296365976 0.33639897406101227 0.02199341543018818 0.033629804849624634 0.6830294036865234
1 0.2095526703633368 0.2704734234139323 0.01162703800946474 0.01485324464738369 0.6176911163330078
1 0.42300087213516235 0.42964642122387886 0.027180194854736328 0.030670560896396637 0.588129768371582
4 0.2973376573063433 0.4402118679136038 0.014834594912827015 0.04463393613696098 0.6661013031005859
4 0.4828575411811471 0.91286226734519 0.02745107002556324 0.08011429756879807 0.6352643966674805
4 0.35240352153778076 0.5409683845937252 0.01650238037109375 0.05006640404462814 0.603823356628418
4 0.6238499088212848 0.9272606149315834 0.021239599213004112 0.03279633820056915 0.5768162536621094
4 0.625478605274111 0.47547665145248175 0.008859951980412006 0.019447920843958855 0.55870849609375
3 0.5787681099027395 0.7489399164915085 0.036646079272031784 0.05469676852226257 0.5631961059570313
3 0.3379925983026624 0.33788978215307 0.016859212890267372 0.01671467535197735 0.5539488220214843
