0 0.5441435426473618 0.9165022969245911 0.21487900614738464 0.16621840000152588 0.972283935546875
0 0.7178808003664017 0.5432680547237396 0.15246620774269104 0.20426952838897705 0.898431396484375
0 0.18105173856019974 0.3026460111141205 0.06362609565258026 0.07085692882537842 0.8981300354003906
0 0.3124942258000374 0.34157904237508774 0.10558368265628815 0.15586940944194794 0.847686767578125
0 0.243216834962368 0.31857819110155106 0.05091811716556549 0.032699838280677795 0.7829466247558594
0 0.5329913087189198 0.35570178180933 0.11738935858011246 0.16305793821811676 0.7564404296875
0 0.3626922629773617 0.4049145430326462 0.10447155684232712 0.16721615195274353 0.6894645690917969
0 0.4918528348207474 0.6531206518411636 0.1577831208705902 0.22659149765968323 0.6230574798583984
1 0.2924639624543488 0.30440834537148476 0.013181337155401707 0.025570876896381378 0.9709190368652344
1 0.33314942941069603 0.3025900647044182 0.018045298755168915 0.033460602164268494 0.9259516906738281
1 0.5129588404670358 0.31039505172520876 0.019583256915211678 0.029069999232888222 0.9237287902832031
1 0.5053614247590303 0.906366840004921 0.04065326228737831 0.050094038248062134 0.8493547058105468
1 0.6926737828180194 0.4879431314766407 0.028919538483023643 0.04102746397256851 0.8370704650878906
1 0.5825583534315228 0.9083734601736069 0.029473939910531044 0.04852458834648132 0.8008932495117187
1 0.282788529060781 0.34684926411136985 0.016073672100901604 0.013759019784629345 0.7450836181640625
1 0.7422499414533377 0.4909742437303066 0.031816672533750534 0.03158258646726608 0.7411905670166016
3 0.5543681345880032 0.30801553837955 0.021405093371868134 0.028732385486364365 0.7648542785644531
