0 0.87015600502491 0.7973980754613876 0.19869378209114075 0.2950969636440277 0.9932674407958985
0 0.5914513319730759 0.9497096724808216 0.17107626795768738 0.09969476610422134 0.9842708587646485
0 0.29395120590925217 0.31837084889411926 0.09579057991504669 0.12844526767730713 0.9815810394287109
0 0.3534777872264385 0.28903602436184883 0.0682428702712059 0.09845332056283951 0.9740479278564453
0 0.4761265590786934 0.7244346588850021 0.18852408230304718 0.27003833651542664 0.9635926818847657
1 0.44301796704530716 0.6626434251666069 0.046707883477211 0.05533300340175629 0.9627716827392578
1 0.2785074692219496 0.2826386159285903 0.013703282922506332 0.018184972926974297 0.9453059387207031
1 0.8421633280813694 0.7190879750996828 0.05010617524385452 0.05664113536477089 0.9315260314941406
1 0.5069532878696918 0.6570654530078173 0.03243551403284073 0.05607271566987038 0.9276971435546875
1 0.6324130930006504 0.9815652891993523 0.03640378266572952 0.035367950797080994 0.8481925201416015
4 0.7879754942841828 0.8817745968699455 0.012747892178595066 0.08026252686977386 0.7320365905761719
4 0.5465436577796936 0.8246767316013575 0.019962310791015625 0.04879947379231453 0.6258577728271484
4 0.3778210920281708 0.33213868644088507 0.012589582242071629 0.01577216200530529 0.6192200088500976
4 0.411332112737 0.8257467150688171 0.023939991369843483 0.06444549560546875 0.5641424560546875
3 0.9037089310586452 0.7186875324696302 0.042990557849407196 0.04975568875670433 0.5848210906982422
3 0.3603800255805254 0.2626344608142972 0.012715879827737808 0.01126081682741642 0.564416275024414
