0 0.5999865904450417 0.943453099578619 0.1962173730134964 0.11248033493757248 0.9870296478271484
0 0.35212768614292145 0.28895197063684464 0.06681111454963684 0.09827063977718353 0.9746405792236328
0 0.29172155261039734 0.31676287949085236 0.09581637382507324 0.12653449177742004 0.9738025665283203
0 0.8642076402902603 0.7870054095983505 0.1950106918811798 0.28932926058769226 0.9735961151123047
0 0.4736819639801979 0.71470907330513 0.18524344265460968 0.2697141766548157 0.9450202178955078
1 0.8384305592626333 0.710715476423502 0.04648895189166069 0.05822087079286575 0.9546598052978515
1 0.2768237451091409 0.2815855322405696 0.014560731127858162 0.020216142758727074 0.93303955078125
1 0.44163674116134644 0.653085496276617 0.046658992767333984 0.05614154785871506 0.9303105926513672
1 0.6272169072180986 0.9745257198810577 0.0491371788084507 0.049664080142974854 0.9113642120361328
1 0.5054172519594431 0.6491259895265102 0.03125934675335884 0.054329030215740204 0.8823657989501953
4 0.4095226228237152 0.8117624148726463 0.024278640747070312 0.07194988429546356 0.658328857421875
4 0.557747283950448 0.9892007848247886 0.043606121093034744 0.020258812233805656 0.5772997283935547
3 0.9000298697501421 0.7043295055627823 0.04258066788315773 0.058104902505874634 0.5501813125610352
