0 0.8931504711508751 0.8556904047727585 0.20504455268383026 0.28157100081443787 0.989311294555664
0 0.21932026743888855 0.2837476134300232 0.07827994227409363 0.11013877391815186 0.9813265228271484
0 0.2849969081580639 0.30195873603224754 0.06817974895238876 0.07742219418287277 0.9802391815185547
0 0.6189953237771988 0.9678582362830639 0.1546882688999176 0.06296714395284653 0.9792097473144531
0 0.5222302973270416 0.7299585342407227 0.17331653833389282 0.24769043922424316 0.9778438568115234
0 0.3778271898627281 0.44038185477256775 0.13868348300457 0.19411897659301758 0.9754776763916015
0 0.4510235860943794 0.5869012773036957 0.15287955105304718 0.21691226959228516 0.954764404296875
0 0.6538005843758583 0.47460782527923584 0.14336903393268585 0.205283522605896 0.9135359191894531
0 0.06508922856301069 0.3083195425570011 0.01689205877482891 0.028607912361621857 0.74575439453125
3 0.27127395290881395 0.2823660736903548 0.009840631857514381 0.009800804778933525 0.9472097778320312
1 0.6317736431956291 0.4177253656089306 0.031498655676841736 0.04174383729696274 0.9390871429443359
1 0.488742096349597 0.6696263812482357 0.03867098316550255 0.04402940720319748 0.9298667907714844
1 0.8577097021043301 0.7844829261302948 0.048112742602825165 0.06308966875076294 0.9181379699707031
1 0.3998725116252899 0.3932502996176481 0.01867198944091797 0.03747507557272911 0.9133218383789062
1 0.3511544270440936 0.39573738537728786 0.02663310430943966 0.032790910452604294 0.9074773406982422
1 0.20646661706268787 0.26236863899976015 0.011682573705911636 0.01606241799890995 0.8721753692626953
1 0.23358270013704896 0.26350996270775795 0.0109036760404706 0.015325136482715607 0.8347928619384766
1 0.4748735949397087 0.5358470194041729 0.03731320798397064 0.035146020352840424 0.7695243835449219
1 0.9204966817051172 0.7908697612583637 0.03505166247487068 0.04227051883935928 0.7541585540771485
4 0.8023626250214875 0.9392235912382603 0.011821874417364597 0.07657278329133987 0.886085433959961
4 0.18943289713934064 0.3232733150944114 0.010067717172205448 0.03077646903693676 0.5615149307250976
