0 0.8211712017655373 0.7169729173183441 0.18541450798511505 0.2726842761039734 0.9772859191894532
0 0.34151723608374596 0.28958501666784286 0.06622260063886642 0.09540040791034698 0.9732220458984375
0 0.571938619017601 0.8976594284176826 0.20435771346092224 0.20404364168643951 0.9729423522949219
0 0.2765856347978115 0.30723781883716583 0.0913928970694542 0.12136945128440857 0.9711588287353515
0 0.06336967088282108 0.3087739050388336 0.019367922097444534 0.027972638607025146 0.8843588256835937
0 0.4545038118958473 0.6512125432491302 0.17383922636508942 0.254294216632843 0.8699847412109375
1 0.6067759469151497 0.8796565383672714 0.04556013643741608 0.04965481162071228 0.9669384002685547
1 0.42398058995604515 0.5950459986925125 0.04440914839506149 0.05203738808631897 0.9625196838378907
1 0.48372415732592344 0.5892794020473957 0.028240999206900597 0.05180833488702774 0.9318727874755859
1 0.7956103291362524 0.6449294127523899 0.04534308239817619 0.05455327779054642 0.9216033935546875
1 0.2613569595851004 0.27369502652436495 0.01450331974774599 0.02019537426531315 0.9126526641845704
1 0.2931809783913195 0.27714563626796007 0.014297676272690296 0.017076337710022926 0.7180666351318359
4 0.24259029235690832 0.35335436929017305 0.01105138473212719 0.026355573907494545 0.5925729370117188
