0 0.5404670760035515 0.9054033160209656 0.21254943311214447 0.18915784358978271 0.9666961669921875
0 0.17910832166671753 0.30462806671857834 0.06311509013175964 0.06901584565639496 0.8338152313232422
0 0.7106968313455582 0.5331566259264946 0.15083256363868713 0.20285539329051971 0.8297183990478516
0 0.3085065223276615 0.33784640580415726 0.10200942307710648 0.1530943065881729 0.8242937469482422
0 0.24147111922502518 0.31848347932100296 0.046507373452186584 0.028442099690437317 0.7890858459472656
0 0.48742687702178955 0.6372246965765953 0.15942764282226562 0.223316952586174 0.6873231506347657
0 0.3581809289753437 0.3994745761156082 0.10155067592859268 0.1668684184551239 0.6696807098388672
1 0.2896340270526707 0.300520827062428 0.013250128366053104 0.023927250877022743 0.9408992767333985
1 0.5795014658942819 0.8860043305903673 0.031147511675953865 0.04546237364411354 0.9029608917236328
1 0.329078177921474 0.30074623972177505 0.01731189154088497 0.03381319344043732 0.8834159088134765
1 0.6848785756155849 0.47930809296667576 0.02489337883889675 0.039984215050935745 0.8581415557861328
1 0.5071562491357327 0.3085330966860056 0.018595091998577118 0.02589600160717964 0.7848410797119141
1 0.5023650527000427 0.8829141724854708 0.03792715072631836 0.047409508377313614 0.7505581665039063
1 0.7360148746520281 0.4821210205554962 0.02879435196518898 0.03076881170272827 0.7377151489257813
1 0.5131130181252956 0.5756477154791355 0.0330122634768486 0.04628301411867142 0.6434844970703125
3 0.5478049954399467 0.3058128375560045 0.019481150433421135 0.027069035917520523 0.910936508178711
