0 0.25785553827881813 0.2976449802517891 0.08675939589738846 0.11443842947483063 0.9778721618652344
0 0.5907630547881126 0.9382693320512772 0.22652988135814667 0.12210682034492493 0.976826171875
0 0.5405910611152649 0.8180433362722397 0.1833757758140564 0.267039030790329 0.9698193359375
0 0.3278018869459629 0.2922438941895962 0.06680787354707718 0.09115128964185715 0.9623477935791016
0 0.42855383455753326 0.5746028423309326 0.16079846024513245 0.23311185836791992 0.9467224884033203
0 0.7668753787875175 0.6303611099720001 0.17170129716396332 0.24792689085006714 0.8625904846191407
0 0.06378159485757351 0.3087924225255847 0.018980268388986588 0.027467092499136925 0.810876235961914
1 0.4017769079655409 0.5202645901590586 0.04173177108168602 0.04695366695523262 0.9371603393554687
1 0.4555841563269496 0.5171530786901712 0.026208018884062767 0.047759104520082474 0.9208793640136719
1 0.5729906000196934 0.7578402124345303 0.03915894776582718 0.04220377653837204 0.9194764709472656
1 0.2435223450884223 0.26579874008893967 0.014287678524851799 0.01902197301387787 0.907427978515625
1 0.7423569168895483 0.5648805685341358 0.043478649109601974 0.04896477609872818 0.8612355041503906
1 0.5514942687004805 0.9629671592265368 0.053090985864400864 0.06013155356049538 0.8486790466308594
1 0.27427808241918683 0.26967840921133757 0.013448492623865604 0.015418639406561852 0.8423401641845704
4 0.8389329072088003 0.7213777080178261 0.020585250109434128 0.05594499409198761 0.6888023376464844
4 0.5293389400467277 0.7663880148902535 0.015015093609690666 0.021514328196644783 0.6848946380615234
4 0.4648018004372716 0.8939064145088196 0.011149311438202858 0.08878874778747559 0.6250594711303711
4 0.3732335129752755 0.6620672475546598 0.01946595497429371 0.05616274103522301 0.5830620574951172
3 0.2591125052422285 0.26889702677726746 0.011054452508687973 0.014744341373443604 0.6626322937011718
