0 0.8137766048312187 0.7034867256879807 0.17860673367977142 0.24871107935905457 0.9869747161865234
0 0.5983709692955017 0.41397442668676376 0.1310286521911621 0.18445079028606415 0.980466079711914
0 0.34908970072865486 0.3891885429620743 0.124400295317173 0.1765320599079132 0.9755127716064453
0 0.5632364898920059 0.8693925440311432 0.1912679374217987 0.2603324055671692 0.9749912261962891
0 0.41262224316596985 0.49605172872543335 0.13255351781845093 0.19197630882263184 0.9599049377441407
0 0.2005600668489933 0.29241761192679405 0.07092723995447159 0.08867218345403671 0.955671157836914
0 0.2651268169283867 0.30685367807745934 0.06421037018299103 0.06667511910200119 0.9452698516845703
0 0.47187376767396927 0.6001861169934273 0.1559903770685196 0.21958251297473907 0.8796485900878906
0 0.0636900719255209 0.3083145245909691 0.01985901966691017 0.028738006949424744 0.7660301208496094
1 0.7843230683356524 0.6382513511925936 0.040092531591653824 0.05302152410149574 0.9368241119384766
1 0.8414504453539848 0.6429074555635452 0.038322195410728455 0.039222151041030884 0.9186700439453125
1 0.3246094323694706 0.34910980332642794 0.02038920670747757 0.029726693406701088 0.8984075164794922
1 0.5760383093729615 0.36239215545356274 0.02368284948170185 0.03272038325667381 0.8934237670898437
1 0.37091906275600195 0.34600071981549263 0.020200220867991447 0.03655067831277847 0.8457352447509766
1 0.43456518463790417 0.45252186618745327 0.03001445159316063 0.029260169714689255 0.7599149322509766
1 0.4427431505173445 0.5453154519200325 0.031092103570699692 0.0364006906747818 0.7494383239746094
3 0.5952862221747637 0.8004711605608463 0.03948027268052101 0.0548061802983284 0.6954581451416015
3 0.597337226383388 0.3651952315121889 0.018164953216910362 0.02176276221871376 0.5704545211791993
3 0.49585574492812157 0.5494501637294888 0.0326460525393486 0.025448212400078773 0.5653330230712891
4 0.6431349394842982 0.9833983350545168 0.02341613732278347 0.032899532467126846 0.6854955291748047
4 0.7345542232505977 0.7718005925416946 0.011597379110753536 0.07685580849647522 0.6664646148681641
4 0.4949120180681348 0.9661671034991741 0.028104940429329872 0.06766583770513535 0.6441830444335938
4 0.3038796503096819 0.4536172226071358 0.01514679566025734 0.04555483162403107 0.5800749588012696
6 0.8338601947762072 0.3599752113223076 0.010981750674545765 0.07196174561977386 0.6257110977172852
