0 0.49687594175338745 0.3606582134962082 0.11302566528320312 0.14343538880348206 0.9767253112792968
0 0.3138246461749077 0.29717500135302544 0.06991599500179291 0.07971634715795517 0.9766868591308594
0 0.17697160691022873 0.28890058398246765 0.06946305930614471 0.09579026699066162 0.969930419921875
0 0.49630796909332275 0.6343511193990707 0.1644887924194336 0.23031005263328552 0.9539842224121093
0 0.26014026068150997 0.31351451575756073 0.050783347338438034 0.05149677395820618 0.9256260681152344
0 0.0639161467552185 0.3082858882844448 0.018926389515399933 0.030001096427440643 0.6468938446044922
1 0.46391222812235355 0.5764255914837122 0.032456714659929276 0.04438205435872078 0.811572036743164
1 0.3253700016066432 0.27763937693089247 0.010625457391142845 0.01669464074075222 0.6919269561767578
1 0.3122235955670476 0.2722467230632901 0.012956047430634499 0.023837873712182045 0.6089741516113282
4 0.43615973833948374 0.7235787585377693 0.022966640070080757 0.0499352365732193 0.6955187225341797
