0 0.5280628688633442 0.38416817784309387 0.11985985189676285 0.1541355848312378 0.981126708984375
0 0.5353426560759544 0.7404148429632187 0.18153779208660126 0.24921569228172302 0.9714117431640625
0 0.3248046226799488 0.29313795268535614 0.07119617611169815 0.0874193012714386 0.9589640808105468
0 0.18761015683412552 0.2839714400470257 0.07314042747020721 0.1082410141825676 0.9520710754394531
0 0.2689604889601469 0.30902750603854656 0.053503718227148056 0.05988648161292076 0.9041291046142578
0 0.06361101102083921 0.30847157072275877 0.019608361646533012 0.029901405796408653 0.7414404296875
1 0.4999864976853132 0.680469760671258 0.037122663110494614 0.048200029879808426 0.8157338714599609
1 0.5668982695788145 0.683253288269043 0.03786512836813927 0.037908315658569336 0.8104496765136718
1 0.2007186422124505 0.25786859169602394 0.015888245776295662 0.01681942492723465 0.7427788543701171
1 0.3361175893805921 0.2721000211313367 0.008193778805434704 0.012803593650460243 0.721983642578125
1 0.17491240613162518 0.25832327734678984 0.011663135141134262 0.0183080043643713 0.6034151458740235
4 0.4706068653613329 0.8346000015735626 0.02385050430893898 0.061114728450775146 0.679970474243164
