0 0.5802499279379845 0.8831512629985809 0.20896123349666595 0.23195642232894897 0.9904666900634765
0 0.5744789391756058 0.4269956350326538 0.12838688492774963 0.16699546575546265 0.98568359375
0 0.20353109017014503 0.280244167894125 0.0797179713845253 0.11502169817686081 0.9689271545410156
0 0.33948495611548424 0.28995418176054955 0.07188981026411057 0.09428032487630844 0.9551681518554688
0 0.2810533456504345 0.3013421930372715 0.05559840053319931 0.07348401099443436 0.9205863189697265
0 0.06376700475811958 0.3091915203258395 0.019772715866565704 0.02944963239133358 0.770602035522461
1 0.5467031672596931 0.842300308868289 0.05290819704532623 0.056289222091436386 0.9372273254394531
1 0.6152229867875576 0.8429555427283049 0.04319845885038376 0.0481279157102108 0.8470635986328126
1 0.5513497507199645 0.3862181594595313 0.027096493169665337 0.028969405218958855 0.8293131256103515
1 0.35010723071172833 0.26696020271629095 0.012700811959803104 0.01825117878615856 0.7259302520751953
1 0.33565798960626125 0.25880334060639143 0.01575632020831108 0.02755180560052395 0.7046139526367188
1 0.21878071036189795 0.2540168333798647 0.0166680496186018 0.01616061106324196 0.6908494567871094
1 0.19065393088385463 0.2523854607716203 0.015328756533563137 0.016762005165219307 0.6688249206542969
