0 0.48263971135020256 0.34971870481967926 0.10967811197042465 0.1405738890171051 0.9773972320556641
0 0.4736553654074669 0.5856090039014816 0.15809617936611176 0.21352645754814148 0.9740531158447265
0 0.3084697350859642 0.2991217151284218 0.0688350647687912 0.07497920095920563 0.9719821166992187
0 0.17170942574739456 0.29221905395388603 0.06745533645153046 0.09055127948522568 0.9709490203857422
0 0.25531044229865074 0.31872205436229706 0.04600014537572861 0.03790828585624695 0.9039903259277344
1 0.44264490250498056 0.5296753235161304 0.026478545740246773 0.03912393003702164 0.8574612426757813
1 0.3194274245761335 0.28115763748064637 0.008383559994399548 0.014086772687733173 0.8567205047607422
1 0.3072522678412497 0.2755774101242423 0.012099106796085835 0.02277377061545849 0.84726806640625
1 0.15809362521395087 0.27408636501058936 0.01153330784291029 0.013590353541076183 0.822507095336914
1 0.5003853226080537 0.5355570772662759 0.027989165857434273 0.031009646132588387 0.6961219024658203
1 0.29521770868450403 0.27837600000202656 0.008845837786793709 0.013056550174951553 0.6347197341918945
1 0.46478584222495556 0.3165978975594044 0.019935544580221176 0.019855357706546783 0.6054337692260742
4 0.43877843813970685 0.39631043560802937 0.011775271035730839 0.04616102948784828 0.6198104476928711
