0 0.921000525355339 0.8920051828026772 0.15650126338005066 0.21586914360523224 0.994143295288086
0 0.37243543192744255 0.2908698171377182 0.07691945880651474 0.10418379306793213 0.9793197631835937
0 0.3242572583258152 0.3407313823699951 0.10333312302827835 0.13861149549484253 0.9734210968017578
0 0.510769672691822 0.8527159094810486 0.2070458084344864 0.2894798517227173 0.9733091735839844
0 0.254864240065217 0.32930357195436954 0.04035334661602974 0.018574494868516922 0.9305110168457031
0 0.06435343716293573 0.3083320101723075 0.017854491248726845 0.030040768906474113 0.7380311584472656
1 0.473893029615283 0.7919136621057987 0.05333610996603966 0.05945248156785965 0.9710645294189453
1 0.5443205628544092 0.7840045373886824 0.03585513308644295 0.06186574324965477 0.9376132965087891
1 0.9231043104082346 0.8580921404063702 0.05270271375775337 0.0709693655371666 0.9156906890869141
1 0.30748712038621306 0.3032627422362566 0.015064875595271587 0.0196843184530735 0.863456802368164
4 0.2861012062057853 0.3926824312657118 0.014073817059397697 0.03502660617232323 0.7137815093994141
4 0.3666598121635616 0.39722041692584753 0.01428817119449377 0.02407732419669628 0.7088156890869141
4 0.40039061289280653 0.33712264662608504 0.013929938897490501 0.015020187012851238 0.6375703811645508
4 0.8586535332724452 0.9589395821094513 0.014841651543974876 0.08082467317581177 0.6114328002929688
4 0.5903932172805071 0.9712142217904329 0.02213675156235695 0.05404600873589516 0.5525337982177735
