0 0.5145453736186028 0.3743669241666794 0.119063600897789 0.15014097094535828 0.9901358795166015
0 0.5214266553521156 0.7006196081638336 0.17497123777866364 0.23943442106246948 0.9782633209228515
0 0.18338750302791595 0.2846658490598202 0.07257029414176941 0.10568853467702866 0.9722092437744141
0 0.3216930739581585 0.29457830265164375 0.0710081085562706 0.08436737209558487 0.9616534423828125
0 0.2679469343274832 0.30962961353361607 0.05631772801280022 0.055626679211854935 0.8995401763916016
0 0.06365395803004503 0.3086328748613596 0.019251735880970955 0.03024749830365181 0.6042417907714843
1 0.5508637391030788 0.6446627806872129 0.03554808348417282 0.037519779056310654 0.809853515625
1 0.48566111735999584 0.6450179610401392 0.03464597091078758 0.0400594063103199 0.7257997894287109
1 0.31870795087888837 0.2662495309486985 0.012304560281336308 0.02611403353512287 0.72371826171875
1 0.17151242680847645 0.26260567642748356 0.013245884329080582 0.01630421355366707 0.7163154602050781
1 0.3325385809876025 0.27546022133901715 0.010923576541244984 0.014144615270197392 0.6177325439453125
4 0.45819159504026175 0.791180957108736 0.02292989008128643 0.058275915682315826 0.6918872833251953
4 0.47168585658073425 0.4198481496423483 0.01919269561767578 0.058442067354917526 0.5520500564575195
