0 0.37766655907034874 0.2924453429877758 0.0825313851237297 0.1080770418047905 0.9840117645263672
0 0.5240104347467422 0.8763875365257263 0.21567240357398987 0.24158477783203125 0.9817083740234375
0 0.935168020427227 0.9186989590525627 0.12928186357021332 0.1611078828573227 0.9794697570800781
0 0.3353503495454788 0.3508484810590744 0.10617020726203918 0.14245006442070007 0.9724962615966797
0 0.2586525734513998 0.32567983865737915 0.045282792299985886 0.02410888671875 0.9171769714355469
0 0.14086737297475338 0.328243849799037 0.021189402788877487 0.01740163192152977 0.8991997528076172
0 0.0636090599000454 0.3086711270734668 0.019504256546497345 0.03066541813313961 0.5972523117065429
1 0.4854113720357418 0.8458957150578499 0.055612437427043915 0.06608451902866364 0.9711829376220703
1 0.5620685145258904 0.8378064893186092 0.038696035742759705 0.06577640026807785 0.9445970153808594
1 0.9493781477212906 0.9249675329774618 0.06328919529914856 0.06157554313540459 0.9426937103271484
1 0.31799694476649165 0.3137510158121586 0.014478079043328762 0.02020467072725296 0.9359889984130859
1 0.35469632502645254 0.31688482966274023 0.016680939123034477 0.020457176491618156 0.710517578125
4 0.44122802186757326 0.9698699023574591 0.01769177056849003 0.059000592678785324 0.637958869934082
4 0.40902469772845507 0.3401242191903293 0.013241196051239967 0.014387964271008968 0.6366236877441406
