0 0.5210435055196285 0.37936293333768845 0.11779677122831345 0.15126566588878632 0.9880011749267578
0 0.5295669734477997 0.7196502685546875 0.17981576919555664 0.2432241439819336 0.9609248352050781
0 0.3239186517894268 0.2936686873435974 0.06999047845602036 0.08537352085113525 0.946982650756836
0 0.18571413308382034 0.28379977867007256 0.0728590339422226 0.10732942074537277 0.9258055114746093
0 0.26872072741389275 0.308930229395628 0.053682439029216766 0.05605550855398178 0.9113899230957031
0 0.0635705478489399 0.3090306790545583 0.020110078155994415 0.030948752537369728 0.6501969909667968
1 0.492919372394681 0.6595834456384182 0.035052333027124405 0.04942011088132858 0.8641867828369141
1 0.558528745546937 0.6634304448962212 0.030957985669374466 0.0360938161611557 0.7848329162597656
1 0.30762664694339037 0.2711945716291666 0.009121323004364967 0.014722216874361038 0.6730577850341797
1 0.50463842228055 0.666660513728857 0.03164110332727432 0.03213732689619064 0.6068867492675781
4 0.47844335436820984 0.4277776535600424 0.020482540130615234 0.05269653722643852 0.6691947937011719
4 0.46486209612339735 0.8148618377745152 0.023200130090117455 0.054505355656147 0.5675286483764649
