0 0.5139192119240761 0.8577301502227783 0.20778246223926544 0.27973484992980957 0.991981430053711
0 0.9240084066987038 0.8971255570650101 0.15153057873249054 0.20571628212928772 0.9902291870117188
0 0.37339482083916664 0.2909909635782242 0.0786176398396492 0.10458806157112122 0.978115463256836
0 0.32634468376636505 0.3437648266553879 0.1056661307811737 0.14026489853858948 0.9756129455566406
0 0.2555166259407997 0.32899718917906284 0.04040716588497162 0.019685138016939163 0.9296877288818359
0 0.06443335581570864 0.30832785833626986 0.017657482996582985 0.030108699575066566 0.6885737609863282
0 0.13947736844420433 0.33319238666445017 0.01829337328672409 0.013867216184735298 0.6662678527832031
1 0.47676388174295425 0.8023672997951508 0.052199140191078186 0.06076270341873169 0.9759771728515625
1 0.5507375840097666 0.794900756329298 0.03907423093914986 0.06369956582784653 0.9633045196533203
1 0.9303036127239466 0.8763718102127314 0.051225025206804276 0.0581367202103138 0.919643783569336
1 0.30957544269040227 0.3068630089983344 0.014822610653936863 0.022095857188105583 0.9042756652832031
1 0.34581307554617524 0.3097407128661871 0.015440304763615131 0.01960841938853264 0.6941011047363281
4 0.8645821609534323 0.9624231569468975 0.014650662429630756 0.0747610554099083 0.6958469390869141
4 0.3692146996036172 0.3972595687955618 0.014369042590260506 0.03180129453539848 0.6483515930175782
4 0.5938286380842328 0.9791190400719643 0.021834054961800575 0.04176194965839386 0.6301239776611328
4 0.4398365877568722 0.9735514428466558 0.022270552814006805 0.052897077053785324 0.5554425811767578
