0 0.16997506096959114 0.29325516149401665 0.06684816628694534 0.08886130899190903 0.9822024536132813
0 0.47848259285092354 0.3468604311347008 0.10826263576745987 0.1407250612974167 0.9817555999755859
0 0.46655119210481644 0.5726646706461906 0.15424473583698273 0.2089471071958542 0.9608056640625
0 0.30629198253154755 0.3001317270100117 0.07002308964729309 0.0749608650803566 0.9488472747802734
0 0.2565024569630623 0.3191384542733431 0.04334641993045807 0.035356197506189346 0.9071047210693359
0 0.06382002402096987 0.3078236961737275 0.018903808668255806 0.02879740484058857 0.7262004089355468
1 0.4357498390600085 0.5216073505580425 0.028028806671500206 0.03710570186376572 0.7728018951416016
1 0.30522231478244066 0.2773167034611106 0.011171722784638405 0.02281901054084301 0.7631343078613281
1 0.15685467142611742 0.27537887915968895 0.011993074789643288 0.013380996882915497 0.7547978210449219
1 0.31717859487980604 0.2824445520527661 0.01072845421731472 0.01529583428055048 0.7328086853027344
1 0.49216442462056875 0.5226757135242224 0.028678638860583305 0.031483571976423264 0.6854705810546875
4 0.33228301792405546 0.3268162300810218 0.007205899339169264 0.018651185557246208 0.7585942840576172
4 0.4092790661379695 0.6496605649590492 0.021866893395781517 0.05220551788806915 0.6041009521484375
