0 0.5165369138121605 0.8631358742713928 0.2109830230474472 0.27372825145721436 0.9936763763427734
0 0.9264177903532982 0.9018273428082466 0.146687313914299 0.1935826689004898 0.9892454528808594
0 0.3285231962800026 0.34586240351200104 0.10550422966480255 0.14181241393089294 0.9802639770507813
0 0.3756459914147854 0.2914166711270809 0.07707970589399338 0.10600899904966354 0.9791547393798828
0 0.25634934566915035 0.3285720534622669 0.04165903851389885 0.020746923983097076 0.890628662109375
0 0.14009909890592098 0.33261037850752473 0.019734453409910202 0.014385958202183247 0.8076983642578125
0 0.06400869973003864 0.30881816521286964 0.01882154867053032 0.030586667358875275 0.620478515625
1 0.47832468152046204 0.8122375179082155 0.05466604232788086 0.062417659908533096 0.9694060516357422
1 0.5505881067365408 0.8040547929704189 0.04021425172686577 0.06253611296415329 0.9562712860107422
1 0.9356125872582197 0.8870693501085043 0.05433553084731102 0.06243003532290459 0.9320504760742188
1 0.3481567380949855 0.3129044817760587 0.014441108331084251 0.018862972036004066 0.7107109069824219
1 0.3122683265246451 0.30803568568080664 0.014277775771915913 0.019649533554911613 0.698091049194336
4 0.37130820332095027 0.40309732034802437 0.015226713381707668 0.02339104562997818 0.701773681640625
4 0.869954367633909 0.9680044017732143 0.01473871897906065 0.06242822855710983 0.6071906280517578
