0 0.5280636996030807 0.8882789015769958 0.21946868300437927 0.22090578079223633 0.9854402160644531
0 0.3388226553797722 0.3553847074508667 0.10610030591487885 0.14609253406524658 0.984049072265625
0 0.38110165297985077 0.2923748157918453 0.08426240086555481 0.10730155557394028 0.9827669525146484
0 0.9396689981222153 0.9318025782704353 0.11908861994743347 0.13522543013095856 0.950605239868164
0 0.1431931583210826 0.3266994580626488 0.02010164223611355 0.020368561148643494 0.9254960632324218
0 0.25853046774864197 0.32423881627619267 0.04945683479309082 0.02531452849507332 0.795992660522461
0 0.06403303146362305 0.3083462668582797 0.018742084503173828 0.03055643104016781 0.6474613952636719
1 0.488818297162652 0.8694726899266243 0.05591901019215584 0.06914390623569489 0.9799448394775391
1 0.5678005255758762 0.860111378133297 0.03750623017549515 0.06603924930095673 0.9515261840820313
1 0.322138998657465 0.31676176376640797 0.015739567577838898 0.023679379373788834 0.9212725067138672
1 0.9653627462685108 0.9459982626140118 0.06340185552835464 0.07774855941534042 0.898617935180664
1 0.36160185746848583 0.31850447319447994 0.02018922194838524 0.020381193608045578 0.8838079071044922
4 0.5040888106450438 0.8698576036840677 0.026995880529284477 0.021722186356782913 0.5734127044677735
