0 0.17362241074442863 0.2904111333191395 0.06797041743993759 0.09260595589876175 0.9721118927001953
0 0.30999433994293213 0.29850243031978607 0.06970834732055664 0.07727274298667908 0.9696149444580078
0 0.487613745033741 0.35358262062072754 0.10928268730640411 0.13985401391983032 0.9657978057861328
0 0.4812723621726036 0.6003877818584442 0.1601506918668747 0.2207227349281311 0.9635373687744141
0 0.25705911964178085 0.31736026518046856 0.04628227651119232 0.043691959232091904 0.935689697265625
1 0.3208692572079599 0.2782184355892241 0.009494940750300884 0.01552573312073946 0.8668666076660156
1 0.2950935601256788 0.27697874791920185 0.008487987332046032 0.011374268680810928 0.8199132537841797
1 0.30886997003108263 0.27315214462578297 0.014087105169892311 0.024052146822214127 0.7870116424560547
1 0.508534618653357 0.5499989930540323 0.027292029932141304 0.03165673092007637 0.7035769653320313
1 0.4498053416609764 0.5475974474102259 0.03442786633968353 0.03681369498372078 0.689542465209961
4 0.42301295790821314 0.6825984790921211 0.02239754982292652 0.05504144728183746 0.7590089416503907
