0 0.4948062486946583 0.3580273687839508 0.11106119304895401 0.1423635482788086 0.981514892578125
0 0.31344620510935783 0.297555323690176 0.06812699884176254 0.07941728085279465 0.9793583679199219
0 0.17634741589426994 0.2893773131072521 0.06895747035741806 0.09492894262075424 0.9701847839355469
0 0.4919998571276665 0.6256540939211845 0.16284911334514618 0.2261127084493637 0.9548075866699218
0 0.25959293730556965 0.3147509451955557 0.051896873861551285 0.049330901354551315 0.9264099884033203
0 0.06415039859712124 0.30822004470974207 0.018379751592874527 0.02967122383415699 0.6561788940429687
1 0.5154293309897184 0.5758840432390571 0.0323004387319088 0.025594471022486687 0.7590801239013671
1 0.31093775015324354 0.2730878358706832 0.010946368798613548 0.02350701205432415 0.7231663513183594
1 0.3245032629929483 0.2780538685619831 0.012029330246150494 0.01850823312997818 0.6970360565185547
1 0.4598100371658802 0.5702186673879623 0.031867124140262604 0.04021832346916199 0.6937889099121094
1 0.1886274148710072 0.26862424705177546 0.014826075173914433 0.016732873395085335 0.5773662185668945
4 0.33960512676276267 0.32680257596075535 0.0064717610366642475 0.02282952144742012 0.6430867004394532
4 0.4332517581060529 0.707581490278244 0.02182404138147831 0.06094139814376831 0.5993719100952148
4 0.44875782914459705 0.4042022228240967 0.010982576757669449 0.04830712080001831 0.5510032653808594
