0 0.5402451008558273 0.394506573677063 0.12264677882194519 0.1570678949356079 0.9914096069335937
0 0.5491257533431053 0.7856039851903915 0.18919675052165985 0.26277443766593933 0.991090087890625
0 0.3284051865339279 0.29246922582387924 0.07264712452888489 0.09017102420330048 0.9649564361572266
0 0.19173354655504227 0.2834956534206867 0.07525964081287384 0.10940266400575638 0.9525277709960938
0 0.27183757722377777 0.307104155421257 0.05413246154785156 0.06777295470237732 0.9449837493896485
0 0.06376017350703478 0.3086109599098563 0.018997984007000923 0.030491439625620842 0.8466665649414062
1 0.17954590311273932 0.2537547657266259 0.010833787731826305 0.015155764296650887 0.874906234741211
1 0.5148452091962099 0.7235527038574219 0.04236844554543495 0.049909353256225586 0.8677364349365234
1 0.5814282782375813 0.724488141015172 0.0369173064827919 0.04081607237458229 0.8003146362304687
1 0.20596729824319482 0.25783795956522226 0.015332412905991077 0.01632334478199482 0.7947988891601563
1 0.3395136911422014 0.2700091083534062 0.01036316528916359 0.01374842319637537 0.7834259033203125
4 0.48254983592778444 0.8792407438158989 0.024690786376595497 0.0730724185705185 0.7063773345947265
4 0.4926404692232609 0.4421587996184826 0.017017967998981476 0.05902930349111557 0.5514070892333984
