0 0.44323551282286644 0.32052160054445267 0.10051386803388596 0.12694145739078522 0.9840285491943359
0 0.4120318666100502 0.4688969552516937 0.1379593163728714 0.18690431118011475 0.9765422058105468
0 0.16114666685461998 0.3029790408909321 0.052215926349163055 0.07188455015420914 0.9718470001220703
0 0.2915161922574043 0.3084664288908243 0.06655098497867584 0.06242554262280464 0.9610047912597657
0 0.24265635758638382 0.330841233022511 0.03681729733943939 0.015325644984841347 0.9032187652587891
0 0.06392863672226667 0.3079990837723017 0.019133536145091057 0.03060879185795784 0.701203842163086
1 0.30150374583899975 0.2962195063009858 0.01100056990981102 0.016487913206219673 0.8268101501464844
1 0.38831470254808664 0.42060498893260956 0.018064754083752632 0.024702876806259155 0.7530476379394532
1 0.43280046340078115 0.42550425231456757 0.017225487157702446 0.025681644678115845 0.6915423583984375
1 0.2905883649364114 0.2906346572563052 0.012064488604664803 0.024071982130408287 0.6566983795166016
4 0.2674407819285989 0.32817034143954515 0.009254725649952888 0.015838170424103737 0.8233898162841797
4 0.36174330953508615 0.5363745782524347 0.01957680471241474 0.04903377965092659 0.6981536102294922
