0 0.5669999346137047 0.4198940321803093 0.1263745278120041 0.16410689055919647 0.9761308288574219
0 0.33733992278575897 0.2901294492185116 0.07251408696174622 0.0938623771071434 0.9607594299316407
0 0.574640616774559 0.8702193945646286 0.20392361283302307 0.25819239020347595 0.9553675842285156
0 0.27946303598582745 0.3022092878818512 0.057315077632665634 0.07317018508911133 0.9542337799072266
0 0.20139490067958832 0.2813931964337826 0.07805731892585754 0.11343102902173996 0.9439641571044922
0 0.06365654990077019 0.3090097391977906 0.01970350742340088 0.030172305181622505 0.718528060913086
1 0.5408351104706526 0.815839858725667 0.05214541777968407 0.05793863907456398 0.9126261138916015
1 0.3483234327286482 0.26664770720526576 0.00965922698378563 0.015079102478921413 0.869937515258789
1 0.6076942998915911 0.8183261305093765 0.04059988632798195 0.04154589772224426 0.8584185791015625
1 0.21570753399282694 0.255236117169261 0.01734878309071064 0.017445232719182968 0.7348200225830078
4 0.6518352385610342 0.9724924825131893 0.03243083879351616 0.05460696667432785 0.643689956665039
