0 0.5459235571324825 0.4004502221941948 0.1217883750796318 0.15925894677639008 0.9926639556884765
0 0.5551074147224426 0.8096050918102264 0.18985843658447266 0.2679670453071594 0.9893152618408203
0 0.33058999478816986 0.2912789434194565 0.07217410206794739 0.09211942553520203 0.9657787322998047
0 0.1937612183392048 0.28269073739647865 0.07547885924577713 0.11076746135950089 0.9467800903320313
0 0.2726752422749996 0.30536120384931564 0.05233298987150192 0.06865446269512177 0.8819055938720703
0 0.06343231443315744 0.3084800438955426 0.019327381625771523 0.030157724395394325 0.8065169525146484
0 0.15535386092960835 0.2627086751163006 0.04119497910141945 0.07269927114248276 0.5562038421630859
1 0.5235360618680716 0.7451002988964319 0.04854936525225639 0.05259128287434578 0.9165885162353515
1 0.5885723400861025 0.7481993697583675 0.039781127125024796 0.04035418480634689 0.8961391448974609
1 0.34119001822546124 0.2686253506690264 0.009738222695887089 0.01603800430893898 0.7785536956787109
1 0.20798850432038307 0.2561822049319744 0.01707065850496292 0.017706863582134247 0.7681807708740235
1 0.3277777177281678 0.2608433701097965 0.013731607235968113 0.02662099152803421 0.6419300079345703
4 0.4864051742479205 0.912826132029295 0.02355225943028927 0.05783691257238388 0.6772065734863282
