0 0.315282866358757 0.29641304910182953 0.07082179188728333 0.08163067698478699 0.9818136596679687
0 0.5025631710886955 0.364940769970417 0.11554603278636932 0.1455254703760147 0.9756645202636719
0 0.5040645077824593 0.6534550413489342 0.17081083357334137 0.2333388775587082 0.9672218322753906
0 0.17849943041801453 0.28785615041852 0.07071754336357117 0.09873244911432266 0.9652705383300781
0 0.26189085841178894 0.31309487856924534 0.049546241760253906 0.05104469135403633 0.9246767425537109
0 0.06368174403905869 0.30843669828027487 0.01889090985059738 0.029437793418765068 0.6935977935791016
1 0.1649371851235628 0.26851427974179387 0.011951986700296402 0.014361091889441013 0.8443904876708984
1 0.4695705510675907 0.5945637468248606 0.03193057328462601 0.04698531702160835 0.8432389068603515
1 0.3272042335011065 0.2783233905211091 0.010281276889145374 0.013444321230053902 0.8300082397460937
1 0.5318339541554451 0.5993484333157539 0.03248049318790436 0.03508295118808746 0.7787352752685547
4 0.44268426671624184 0.7423195857554674 0.02233613282442093 0.05304277315735817 0.6202157592773437
4 0.34318479895591736 0.32484821137040854 0.007503509521484375 0.02546830289065838 0.5982886123657226
