0 0.1703556776046753 0.2928742282092571 0.06822469830513 0.08932449668645859 0.9684764862060546
0 0.4813668206334114 0.34761981666088104 0.10894031822681427 0.14034715294837952 0.9632090759277344
0 0.3073744997382164 0.2991683706641197 0.06815175712108612 0.07470564544200897 0.9536859130859375
0 0.4700111448764801 0.578480452299118 0.15536409616470337 0.21268349885940552 0.9158683013916016
0 0.256842153146863 0.31808398105204105 0.04149821773171425 0.0339750237762928 0.8848731231689453
0 0.06380779575556517 0.30791450571268797 0.018953418359160423 0.027913948521018028 0.6497940063476563
1 0.15788027737289667 0.27417854266241193 0.01104930229485035 0.010692850686609745 0.9288748931884766
1 0.4399520857259631 0.5282901246100664 0.031129678711295128 0.03416651859879494 0.8233067321777344
1 0.2933402955532074 0.2804633164778352 0.009223461151123047 0.014012174680829048 0.656365966796875
1 0.30656786169856787 0.2753172814846039 0.009989706799387932 0.020087122917175293 0.6448485565185547
1 0.3188284318894148 0.281573876272887 0.00979512557387352 0.015003769658505917 0.64343994140625
4 0.28972857585176826 0.32694442197680473 0.008970069698989391 0.014973364770412445 0.6162678146362305
