0 0.16852466389536858 0.2932560630142689 0.06544866412878036 0.08882243186235428 0.9769218444824219
0 0.30461083725094795 0.30088816210627556 0.06884685903787613 0.07230987399816513 0.9605531311035156
0 0.45933402329683304 0.5588318109512329 0.153818741440773 0.20434236526489258 0.9425202941894532
0 0.47374239563941956 0.3419205918908119 0.1069173812866211 0.13827718794345856 0.9075749206542969
0 0.25463042594492435 0.31978240981698036 0.040919143706560135 0.03201062232255936 0.8737164306640625
0 0.24238829594105482 0.2611622912809253 0.012837028130888939 0.01733907125890255 0.5528716278076172
1 0.30426574731245637 0.27916938066482544 0.011619885452091694 0.02280426025390625 0.9288178253173828
1 0.3011171598918736 0.2809113645926118 0.008433596231043339 0.019712941721081734 0.8895611572265625
1 0.4852084796875715 0.5105917621403933 0.028017934411764145 0.03046790137887001 0.8125027465820313
1 0.42906255926936865 0.5081389434635639 0.028597800061106682 0.034846045076847076 0.8111750793457031
1 0.31608403706923127 0.284486616961658 0.010556538589298725 0.014690032228827477 0.7734224700927734
1 0.15537839848548174 0.2760936450213194 0.009996319189667702 0.014798369258642197 0.7614601135253907
4 0.3266406198963523 0.32698652148246765 0.00724741630256176 0.01911979913711548 0.6648313140869141
