0 0.43496426939964294 0.31416426971554756 0.09818124771118164 0.124425508081913 0.9917451477050782
0 0.4019002914428711 0.45038607716560364 0.13390445709228516 0.17678338289260864 0.9861327362060547
0 0.28774457052350044 0.3093719519674778 0.06552854925394058 0.05925137549638748 0.9470791625976562
0 0.15901761502027512 0.30406903848052025 0.04721952974796295 0.0642380639910698 0.9460130310058594
1 0.37942392006516457 0.4052812121808529 0.01643431931734085 0.021821849048137665 0.8289551544189453
1 0.28720436291769147 0.29057067539542913 0.007416502572596073 0.01933508925139904 0.7396109008789062
1 0.26256888918578625 0.30918807350099087 0.011944707483053207 0.01564330980181694 0.59680908203125
4 0.35262644849717617 0.5160996820777655 0.01856822893023491 0.04489932581782341 0.7546749877929687
4 0.4522851943038404 0.5210744766518474 0.015139388851821423 0.027725106105208397 0.6765193939208984
4 0.39368575997650623 0.3451760783791542 0.008865896612405777 0.03789056837558746 0.6014252471923828
