0 0.5076842494308949 0.3685145676136017 0.11486349254846573 0.1482735276222229 0.981950912475586
0 0.5103366449475288 0.6715972945094109 0.16993553936481476 0.2359076589345932 0.9816447448730469
0 0.1807962842285633 0.28784748539328575 0.07162845879793167 0.10080840438604355 0.9763434600830078
0 0.3178291842341423 0.29593390971422195 0.06935189664363861 0.08227570354938507 0.9732596588134765
0 0.2637854963541031 0.3106612302362919 0.05194687843322754 0.05444265156984329 0.9291764068603515
0 0.06392395868897438 0.308368188329041 0.01918864995241165 0.02918037213385105 0.6829541015625
0 0.24199113436043262 0.26205227337777615 0.013045135885477066 0.016595911234617233 0.5721685409545898
1 0.3285851636901498 0.27705776132643223 0.009877236559987068 0.013196337968111038 0.8345339202880859
1 0.47693466395139694 0.6157466322183609 0.03230355679988861 0.04084506630897522 0.7617314147949219
1 0.4873763546347618 0.6151647791266441 0.03128884732723236 0.039656803011894226 0.6515449523925781
1 0.5398149527609348 0.6181880552321672 0.03034079819917679 0.034170929342508316 0.6512133026123047
4 0.4487345237284899 0.7585700452327728 0.02352530136704445 0.061473309993743896 0.6532937622070313
