0 0.5196070000529289 0.868304580450058 0.21247224509716034 0.2629525065422058 0.9921250915527344
0 0.37656545266509056 0.29184239730238914 0.07959740608930588 0.1062765046954155 0.9780987548828125
0 0.9290323778986931 0.908647932112217 0.14044271409511566 0.1827041655778885 0.9719913482666016
0 0.3306884951889515 0.34704674035310745 0.1052037850022316 0.14244093000888824 0.9716401672363282
0 0.25725062377750874 0.3282237024977803 0.04121977463364601 0.02054768241941929 0.8612313842773438
0 0.14028795436024666 0.33132211677730083 0.019735462963581085 0.0153825543820858 0.7882021331787109
0 0.06385713536292315 0.3084643231704831 0.018854709342122078 0.03060133196413517 0.7208573913574219
1 0.4809408076107502 0.8235155753791332 0.055028535425662994 0.06541403383016586 0.9610314178466797
1 0.5558607373386621 0.8157678879797459 0.037502605468034744 0.06430698186159134 0.9440559387207031
1 0.9409896414726973 0.8995264731347561 0.05591767653822899 0.0642472431063652 0.8960321807861328
1 0.3138557276688516 0.31049119774252176 0.015036742202937603 0.02004866488277912 0.685706787109375
3 0.33117499528452754 0.3144460441544652 0.013400903902947903 0.01915534771978855 0.5736293792724609
