0 0.1616769377142191 0.30096476525068283 0.05375557020306587 0.07403270900249481 0.9590521240234375
0 0.44687240570783615 0.32488179206848145 0.09996108710765839 0.12833845615386963 0.9028258514404297
0 0.29289450123906136 0.3070422559976578 0.06676206737756729 0.06347545981407166 0.8087287139892578
0 0.24428796581923962 0.32948229741305113 0.03714221343398094 0.01660664938390255 0.7670906066894532
0 0.06413632817566395 0.30806421022862196 0.017917145043611526 0.028135454282164574 0.7575972747802734
0 0.4174378141760826 0.4798062667250633 0.13859210908412933 0.18811403214931488 0.6750890350341797
1 0.4390699779614806 0.43664390686899424 0.019869549199938774 0.02491404302418232 0.8971510314941407
1 0.39318701066076756 0.43224411085247993 0.016589928418397903 0.022746898233890533 0.7556723022460937
1 0.29192523565143347 0.28912378940731287 0.011523215100169182 0.02170667238533497 0.7403470611572266
1 0.3034217399545014 0.2951181912794709 0.011118062771856785 0.016141312196850777 0.5717282104492187
3 0.41514259576797485 0.43427996058017015 0.016573429107666016 0.026710057631134987 0.6487422943115234
