0 0.16401817463338375 0.2988392226397991 0.059990327805280685 0.07812841981649399 0.978075942993164
0 0.45907076820731163 0.33194946497678757 0.10407441109418869 0.1317288726568222 0.9755577850341797
0 0.2982831746339798 0.30472150072455406 0.06801101565361023 0.06932687014341354 0.9615287780761719
0 0.43507031351327896 0.5151794105768204 0.14621128141880035 0.1961970031261444 0.956184310913086
0 0.24986813589930534 0.32534647919237614 0.042173974215984344 0.025032777339220047 0.8922840881347657
0 0.06359549332410097 0.30762081034481525 0.018762784078717232 0.0288831926882267 0.7024661254882812
1 0.29752964572981 0.2852299641817808 0.013003603555262089 0.021902408450841904 0.8881128692626953
1 0.3088725805282593 0.2887380882166326 0.008943557739257812 0.015317055396735668 0.8663786315917968
1 0.4090515039861202 0.46414316166192293 0.01889883726835251 0.023769209161400795 0.7488211822509766
1 0.4568382166326046 0.46921895258128643 0.018535010516643524 0.02479013428092003 0.6955850219726563
4 0.31984997796826065 0.3322888514958322 0.007770856376737356 0.01542536448687315 0.6290762329101562
