0 0.5269333124160767 0.8831553757190704 0.2171010971069336 0.23287516832351685 0.9920564270019532
0 0.33728252351284027 0.35357505828142166 0.10501626133918762 0.1446736603975296 0.9848761749267578
0 0.381391741335392 0.292903333902359 0.07990951836109161 0.10804370045661926 0.9828336334228516
0 0.9374382942914963 0.9249257743358612 0.12422892451286316 0.14707523584365845 0.9553154754638672
0 0.1415625186637044 0.3283051997423172 0.022089386358857155 0.019333988428115845 0.9411443328857422
0 0.25774660520255566 0.3254398172721267 0.04733293876051903 0.0249642264097929 0.9096473693847656
0 0.06407712306827307 0.3084750799462199 0.018585538491606712 0.030390506610274315 0.7930691528320313
1 0.48712313920259476 0.8586240336298943 0.05747725069522858 0.06640659272670746 0.967381591796875
1 0.5643103364855051 0.8483900800347328 0.03646068647503853 0.06513626873493195 0.9364913177490234
1 0.31996887316927314 0.3149672206491232 0.015401172451674938 0.019953381270170212 0.9263311004638672
1 0.9602645635604858 0.9374590814113617 0.057880401611328125 0.06086951494216919 0.9186713409423828
1 0.31667659524828196 0.3192208260297775 0.02071358449757099 0.020132869482040405 0.6916395568847656
1 0.3565892418846488 0.31902411207556725 0.014265982434153557 0.021208755671977997 0.5813504028320312
4 0.44166785664856434 0.9682928323745728 0.015593592077493668 0.06233108043670654 0.603365592956543
