0 0.9109968617558479 0.8702871203422546 0.17800630629062653 0.2594257593154907 0.9889857482910156
0 0.31519075483083725 0.33412108570337296 0.10110543668270111 0.13552351295948029 0.9822154998779297
0 0.5017284229397774 0.8175023049116135 0.19929231703281403 0.294487327337265 0.9816468048095703
0 0.3678596615791321 0.29059233143925667 0.0731821060180664 0.1038021519780159 0.9804127502441407
0 0.06408643815666437 0.30865251645445824 0.019306691363453865 0.03043925017118454 0.7107585906982422
1 0.46491330303251743 0.7522351462393999 0.0521123893558979 0.06060022488236427 0.9654964447021485
1 0.8994198404252529 0.8153257966041565 0.051014773547649384 0.06639647483825684 0.944273452758789
1 0.5348533317446709 0.7452281676232815 0.033140406012535095 0.05783640593290329 0.8813554382324219
1 0.2994613409973681 0.29805229883641005 0.015049171634018421 0.01999053917825222 0.6658385467529296
1 0.3343904931098223 0.30283314548432827 0.01497608795762062 0.018747400492429733 0.6039387130737305
4 0.43274241872131824 0.924207653850317 0.025064531713724136 0.08050768822431564 0.7251966857910156
4 0.27833633217960596 0.3858992988243699 0.013207944110035896 0.0308371651917696 0.6263690185546875
4 0.578028229996562 0.9231953639537096 0.02134602889418602 0.05793643370270729 0.6228728485107422
4 0.35739896912127733 0.38579452969133854 0.015458488836884499 0.032121021300554276 0.5564142990112305
3 0.9647082928568125 0.8176921084523201 0.0453832633793354 0.05227960646152496 0.6686212921142578
