0 0.16348712891340256 0.2981935106217861 0.05735708773136139 0.07687061280012131 0.9687381744384765
0 0.4549425542354584 0.3283446654677391 0.10290813446044922 0.13030211627483368 0.9437539672851563
0 0.2470803689211607 0.32528296392410994 0.039246972650289536 0.023509865626692772 0.9194935607910156
0 0.42887818813323975 0.5009217709302902 0.14326995611190796 0.19371297955513 0.8948306274414063
0 0.2961907461285591 0.3045450188219547 0.06711341440677643 0.06662512570619583 0.8717707061767578
3 0.42590601835399866 0.4538443423807621 0.01700642891228199 0.0284237340092659 0.7296920776367187
1 0.40397700667381287 0.45248802844434977 0.017467021942138672 0.02310805208981037 0.7230928039550781
1 0.307107150554657 0.2909336946904659 0.009258747100830078 0.016763560473918915 0.717944107055664
1 0.45148298516869545 0.45623784605413675 0.020643360912799835 0.026270436123013496 0.7092073059082031
1 0.29619042854756117 0.28553519770503044 0.011235808953642845 0.01893629878759384 0.6915451049804687
