0 0.564062736928463 0.8453068286180496 0.19706372916698456 0.2774454653263092 0.9921028137207031
0 0.5562890730798244 0.40881863981485367 0.12364660948514938 0.16273899376392365 0.9822023773193359
0 0.1969628669321537 0.28106367588043213 0.07743296772241592 0.11401090025901794 0.9487668609619141
0 0.33373360335826874 0.29048222303390503 0.07163670659065247 0.09289714694023132 0.9058447265625
0 0.06360136158764362 0.3087935270741582 0.01949673518538475 0.030221784487366676 0.8127758026123046
0 0.2765596192330122 0.30400698259472847 0.05385154113173485 0.07121918350458145 0.7982843780517578
1 0.5320507884025574 0.7784665133804083 0.04988670349121094 0.05188785120844841 0.8847456359863282
1 0.5970685724169016 0.7817290108650923 0.0399663932621479 0.04163151606917381 0.8733684539794921
1 0.3453460792079568 0.26803424023091793 0.011351140215992928 0.016254227608442307 0.8080400085449219
4 0.4948298716917634 0.9521927703171968 0.024367110803723335 0.0601942278444767 0.7828583526611328
4 0.646759394556284 0.9504055213183165 0.01973164826631546 0.04149576649069786 0.6525109100341797
