0 0.524611447006464 0.38268716633319855 0.12044961005449295 0.15320101380348206 0.9891732025146485
0 0.3243042938411236 0.2939252257347107 0.07067432254552841 0.08611893653869629 0.9661640167236328
0 0.1868722103536129 0.28404391556978226 0.07336413115262985 0.108640655875206 0.9637247467041016
0 0.5318029448390007 0.7310648337006569 0.18007300794124603 0.24856658279895782 0.9595027160644531
0 0.26848268136382103 0.3085605911910534 0.05448760837316513 0.05954375118017197 0.922535171508789
0 0.06362430099397898 0.30904017854481936 0.0197433028370142 0.030499974265694618 0.6349407577514649
1 0.49695131182670593 0.6702986378222704 0.03297281265258789 0.04771089926362038 0.8160825347900391
1 0.3349458733573556 0.27342866035178304 0.009801419451832771 0.013566815294325352 0.7040259552001953
1 0.5636527892202139 0.6738963704556227 0.03026409074664116 0.03519010171294212 0.6848236083984375
1 0.17423746595159173 0.2576772887259722 0.01186747569590807 0.014920298010110855 0.5826608657836914
4 0.46812948025763035 0.8245743289589882 0.0244324691593647 0.05887468159198761 0.7031652069091797
4 0.47997697349637747 0.42938183434307575 0.021117432042956352 0.056047115474939346 0.6338579559326172
