0 0.16765734925866127 0.29370706900954247 0.06467808037996292 0.08851858228445053 0.9772894287109375
0 0.4721224270761013 0.3405416011810303 0.10741417855024338 0.1369139552116394 0.9527748107910157
0 0.30367616564035416 0.3014676347374916 0.06960274279117584 0.07220818102359772 0.9410625457763672
0 0.4560588002204895 0.5528884902596474 0.15157514810562134 0.20491935312747955 0.9305598449707031
0 0.253605367615819 0.32156679406762123 0.041397396475076675 0.030790455639362335 0.8904600524902344
0 0.06362074334174395 0.3077928014099598 0.019383573904633522 0.02982262521982193 0.7206710052490234
1 0.3038918813690543 0.2798894103616476 0.011971918866038322 0.02261168882250786 0.9004159545898438
1 0.15463142888620496 0.2783616944216192 0.009714380837976933 0.014279994182288647 0.8486029815673828
1 0.31533297477290034 0.2857214594259858 0.010659090243279934 0.014191465452313423 0.8003755187988282
1 0.4803993524983525 0.5049790879711509 0.024086857214570045 0.028567222878336906 0.6448783874511719
1 0.45263438019901514 0.30708109587430954 0.024152787402272224 0.020069405436515808 0.6413710784912109
1 0.42673163767904043 0.5040097469463944 0.02444337122142315 0.025718914344906807 0.631329002380371
