0 0.30931441858410835 0.299162182956934 0.0691448226571083 0.07568729668855667 0.9780042266845703
0 0.17248155176639557 0.29218071699142456 0.06774544715881348 0.09072542190551758 0.9760337829589844
0 0.4848308227956295 0.3526173233985901 0.10896383970975876 0.1394239068031311 0.9623615264892578
0 0.25600965693593025 0.3185960650444031 0.04507718235254288 0.03991806507110596 0.9266658782958984
0 0.4770679771900177 0.5947676971554756 0.15900897979736328 0.21804030239582062 0.8757359313964844
0 0.06361441407352686 0.3083554580807686 0.019232774153351784 0.029517844319343567 0.6108290481567383
1 0.32002629432827234 0.2806180682964623 0.008332284167408943 0.0137095982208848 0.9126800537109375
1 0.3080762424506247 0.27456359937787056 0.013762314803898335 0.021983422338962555 0.7238374328613282
1 0.504303558729589 0.5427847756072879 0.02794310264289379 0.029977133497595787 0.6928931427001953
1 0.4458693182095885 0.5393704771995544 0.028791172429919243 0.03719437122344971 0.6512561798095703
1 0.29585505137220025 0.2783061866648495 0.009193611331284046 0.013627172447741032 0.607389907836914
