0 0.5690662488341331 0.8549798130989075 0.2000834196805954 0.274014949798584 0.991217041015625
0 0.5599701851606369 0.4123980775475502 0.12480780482292175 0.1631723791360855 0.9893413543701172
0 0.19786126911640167 0.2810880020260811 0.07786133885383606 0.11425398290157318 0.9528955078125
0 0.3349258340895176 0.2901262380182743 0.07237876206636429 0.092896468937397 0.9458760833740234
0 0.27704451978206635 0.30321507155895233 0.05490612983703613 0.07129940390586853 0.9302349853515625
0 0.06349791400134563 0.3088327422738075 0.020060431212186813 0.03202356398105621 0.7382890319824219
1 0.5362199544906616 0.7893692329525948 0.0494999885559082 0.05659891664981842 0.9204314422607421
1 0.21435969229787588 0.254233100451529 0.019458038732409477 0.0181876290589571 0.7372879028320313
1 0.3464145241305232 0.2659448031336069 0.011646365746855736 0.01714782789349556 0.7362518310546875
1 0.6012369561940432 0.7938964851200581 0.03794339671730995 0.04134843498468399 0.7222135162353516
1 0.18577960738912225 0.25496458914130926 0.014481735415756702 0.01702338270843029 0.559641227722168
4 0.4963277457281947 0.9650848172605038 0.02341899834573269 0.05913227051496506 0.8629218292236328
