0 0.5027526915073395 0.8261498957872391 0.20187097787857056 0.29710450768470764 0.9943053436279297
0 0.9135018736124039 0.8758501410484314 0.17230847477912903 0.2482997179031372 0.9898785400390625
0 0.31736303865909576 0.3355339765548706 0.10190221667289734 0.1371999979019165 0.9732283782958985
0 0.36835503950715065 0.29008814692497253 0.07402092963457108 0.10445725917816162 0.9726907348632813
0 0.06374707818031311 0.3082249639555812 0.019157402217388153 0.030355071648955345 0.5562047195434571
1 0.4669986702501774 0.7622136529535055 0.05123484879732132 0.060897599905729294 0.9717571258544921
1 0.9059650059789419 0.8299751933664083 0.04977245256304741 0.05844534561038017 0.964255599975586
1 0.5373171325773001 0.7542637214064598 0.03461284562945366 0.05958037078380585 0.9235443115234375
1 0.33646175684407353 0.30399781186133623 0.015284189023077488 0.017247432842850685 0.6958419036865234
1 0.30129744624719024 0.2987443106248975 0.014669100753962994 0.01998613215982914 0.6289013671875
3 0.31861129589378834 0.3036271668970585 0.012114111334085464 0.019127853214740753 0.9249201965332031
3 0.9709137473255396 0.828907985240221 0.04601510241627693 0.05415169149637222 0.7664386749267578
4 0.4341921890154481 0.9408494830131531 0.02527596242725849 0.06931304931640625 0.7689196014404297
4 0.5807368671521544 0.931839007884264 0.021684391424059868 0.06440333276987076 0.655760269165039
