0 0.3165128603577614 0.2954060956835747 0.07125683128833771 0.08226798474788666 0.9811305999755859
0 0.5065786391496658 0.6608542874455452 0.16875365376472473 0.23359431326389313 0.9778407287597656
0 0.17982790246605873 0.28724760189652443 0.07097423821687698 0.09909916669130325 0.9620970153808593
0 0.2620031852275133 0.3112574853003025 0.04982048645615578 0.05215985327959061 0.9539069366455079
0 0.5059254840016365 0.36611078679561615 0.1149260550737381 0.146022230386734 0.9518216705322265
0 0.06383936479687691 0.30829026736319065 0.019104428589344025 0.029157031327486038 0.6288557815551757
1 0.1679660459049046 0.2638178444467485 0.01214625034481287 0.012457246892154217 0.82796875
1 0.3281727987341583 0.27710833260789514 0.010410181246697903 0.012955588288605213 0.8036441040039063
1 0.47230528481304646 0.6059299316257238 0.03318408504128456 0.043689530342817307 0.7565444183349609
1 0.315160000231117 0.27037919592112303 0.013341712765395641 0.021578272804617882 0.6574748992919922
4 0.4459639573469758 0.7483046092092991 0.022613780573010445 0.06040287762880325 0.740974349975586
