0 0.5311316326260567 0.3870651349425316 0.119431272149086 0.15330873429775238 0.9905906677246094
0 0.5385840311646461 0.7517241388559341 0.18214334547519684 0.2535276710987091 0.9772666931152344
0 0.18848220631480217 0.28306710347533226 0.07324492186307907 0.10953067988157272 0.9516256713867187
0 0.3261571116745472 0.29303641989827156 0.07085523754358292 0.08815104514360428 0.9509469604492188
0 0.2700257822871208 0.30874768644571304 0.054554954171180725 0.06328774988651276 0.8930000305175781
0 0.06342140305787325 0.30824747309088707 0.01950654573738575 0.029787473380565643 0.799552230834961
0 0.15406181663274765 0.2801365628838539 0.03874136507511139 0.10639403760433197 0.5921927642822266
1 0.57025464810431 0.6928812637925148 0.03420715406537056 0.03909166157245636 0.7678556060791015
1 0.5031755231320858 0.6899054534733295 0.03425585478544235 0.04427049309015274 0.7646549987792969
1 0.3367795448284596 0.27105662971735 0.007720788475126028 0.010985508561134338 0.7362238311767578
4 0.4732748372480273 0.846642879769206 0.024424871429800987 0.061211761087179184 0.7207291412353516
4 0.4820353011600673 0.4350100811570883 0.014604314230382442 0.05425025150179863 0.6728016662597657
