0 0.5581705048680305 0.8198845982551575 0.19172926247119904 0.2670050859451294 0.9898479461669922
0 0.5497139059007168 0.4036712497472763 0.12320797890424728 0.1602167785167694 0.9878340148925782
0 0.3315945565700531 0.2911579832434654 0.07182931900024414 0.09169633686542511 0.9304414367675782
0 0.1949135959148407 0.2828984893858433 0.07616379857063293 0.11110053211450577 0.8774712371826172
0 0.2745837662369013 0.3052799366414547 0.05307512357831001 0.06981121748685837 0.7721253967285157
0 0.06335269752889872 0.30893964413553476 0.01979956217110157 0.031040983274579048 0.6751213836669921
0 0.15536044538021088 0.2801329717040062 0.042499542236328125 0.1064862459897995 0.5559578704833984
1 0.34308170061558485 0.26871372014284134 0.009134387597441673 0.014216020703315735 0.8429582977294922
1 0.5227238778024912 0.7560854814946651 0.03928880766034126 0.050332359969615936 0.8174221801757813
1 0.591286413371563 0.7587969601154327 0.03730176389217377 0.04012519121170044 0.734564437866211
1 0.20932519156485796 0.2557506049051881 0.019040727987885475 0.017972903326153755 0.6623554992675781
1 0.52876284904778 0.36151614505797625 0.023267332464456558 0.028057212010025978 0.6164355850219727
1 0.18261384777724743 0.2553402418270707 0.013664182275533676 0.019066648557782173 0.5810318756103515
4 0.4895775830373168 0.9222732447087765 0.023213131353259087 0.06381350010633469 0.7255288696289063
