0 0.43311261013150215 0.313930481672287 0.09785852581262589 0.12375199794769287 0.9905835723876953
0 0.4001702815294266 0.44730451703071594 0.13299140334129333 0.17382854223251343 0.981157455444336
0 0.28701212257146835 0.309967078268528 0.06596522033214569 0.05849267542362213 0.9585894775390625
0 0.15897459164261818 0.3053390830755234 0.04769406467676163 0.06318065524101257 0.8988127136230468
0 0.06411589495837688 0.30912025459110737 0.019306238740682602 0.03156057372689247 0.6394001770019532
1 0.2982572913169861 0.29957126593217254 0.012455940246582031 0.014991025440394878 0.768992919921875
1 0.42171908635646105 0.4057489577680826 0.01656045950949192 0.02375977113842964 0.7335067749023437
1 0.3775506103411317 0.4026284357532859 0.016728179529309273 0.02323046140372753 0.7179090118408203
1 0.2869007010012865 0.29238762333989143 0.00942951813340187 0.020786680281162262 0.6816329193115235
4 0.35055103059858084 0.509164821356535 0.018360359594225883 0.04977812618017197 0.7171019744873047
