0 0.3407267965376377 0.35716769099235535 0.10776818543672562 0.14699894189834595 0.9853290557861328
0 0.5312587097287178 0.8947572112083435 0.2222362905740738 0.2099064588546753 0.9850794219970703
0 0.3817443624138832 0.2935413420200348 0.08568264544010162 0.10891342163085938 0.9835826873779296
0 0.14363281708210707 0.3275860967114568 0.02384350262582302 0.023164594545960426 0.9695004272460938
0 0.9428966455161572 0.939470212906599 0.11404260247945786 0.12105961889028549 0.945130844116211
0 0.2596540004014969 0.32403849717229605 0.048253536224365234 0.02679203264415264 0.919498291015625
0 0.06409290805459023 0.30826698802411556 0.018691889941692352 0.03185902163386345 0.80230224609375
1 0.4914607424288988 0.8827536180615425 0.05608612671494484 0.06651712954044342 0.9576021575927735
1 0.5702485479414463 0.8728727512061596 0.04045117646455765 0.06629570573568344 0.9459423065185547
1 0.9717882946133614 0.964136928319931 0.05454660952091217 0.06742316484451294 0.9240592956542969
1 0.3241431573405862 0.31915353890508413 0.015531571581959724 0.020303769037127495 0.9050547790527343
1 0.3613595147617161 0.32353448402136564 0.015461222268640995 0.01966874860227108 0.8335293579101563
3 0.34121165657415986 0.3228489188477397 0.01374800968915224 0.02043742500245571 0.5873728561401367
