0 0.49201376736164093 0.35674426704645157 0.10998770594596863 0.141159787774086 0.9689508819580078
0 0.48767633736133575 0.6168848797678947 0.16143473982810974 0.22471855580806732 0.9599767303466797
0 0.17552375420928001 0.2898976281285286 0.06744518131017685 0.09416221082210541 0.9580172729492188
0 0.3128294236958027 0.2978498786687851 0.06783310323953629 0.07853922247886658 0.9524372100830079
0 0.2582144122570753 0.3154005203396082 0.050831522792577744 0.047021228820085526 0.8775865173339844
0 0.06372114084661007 0.30832831375300884 0.019481051713228226 0.03042718395590782 0.8045635223388672
1 0.31052866159006953 0.27331661991775036 0.012341371737420559 0.022777076810598373 0.7439279174804687
1 0.32382414350286126 0.27833949588239193 0.010929775424301624 0.01583079621195793 0.7169486999511718
1 0.5149253625422716 0.5660334657877684 0.03234774246811867 0.03301521763205528 0.6856501007080078
1 0.4758438626304269 0.32023912388831377 0.020861657336354256 0.02187412418425083 0.6171164703369141
4 0.42992783430963755 0.7014112900942564 0.020892875269055367 0.05419107899069786 0.6943763732910156
