0 0.4391965791583061 0.31722472608089447 0.09916238486766815 0.12641647458076477 0.9758457946777344
0 0.1597250122576952 0.30445948988199234 0.05122927203774452 0.06725724041461945 0.9702681732177735
0 0.4068143889307976 0.45866407454013824 0.13588504493236542 0.18071648478507996 0.9535955047607422
0 0.28972798585891724 0.30818063393235207 0.06614851951599121 0.06123287230730057 0.9403726196289063
0 0.06436619348824024 0.3074716320261359 0.01808084174990654 0.030408082529902458 0.6090343475341797
0 0.24099672213196754 0.3306848779320717 0.03688464313745499 0.013480320572853088 0.5741237258911133
1 0.3841498577967286 0.41265808418393135 0.016537921503186226 0.02082047611474991 0.7956310272216797
1 0.42835025396198034 0.41566130332648754 0.01854178123176098 0.023868080228567123 0.7560823059082031
1 0.2892974275164306 0.28935203328728676 0.008451334200799465 0.01871640235185623 0.7093818664550782
1 0.30048099160194397 0.2945803450420499 0.011813163757324219 0.019206831231713295 0.563338623046875
