0 0.31436649337410927 0.29627853259444237 0.07049757987260818 0.08134143799543381 0.9817716217041016
0 0.17743737623095512 0.28781431540846825 0.06944354623556137 0.09647106379270554 0.9720939636230469
0 0.4995342791080475 0.36244311928749084 0.11423254013061523 0.14391422271728516 0.9546400451660156
0 0.2609595153480768 0.3131368104368448 0.05007200315594673 0.050307322293519974 0.9542253875732422
0 0.49933818727731705 0.6425980776548386 0.1661464124917984 0.2326502501964569 0.9196575927734375
0 0.2414668183773756 0.2615586584433913 0.013973888009786606 0.016593707725405693 0.5503462600708008
1 0.1652588197030127 0.26734957098960876 0.011986096389591694 0.013958513736724854 0.8806074523925781
1 0.470841221511364 0.5853626076132059 0.040936216711997986 0.048286665230989456 0.8181606292724609
1 0.3256346364505589 0.27616900485008955 0.009668604470789433 0.017581826075911522 0.7708839416503906
1 0.5235780049115419 0.5901092570275068 0.033068690448999405 0.03239339217543602 0.7454410552978515
1 0.3131058653816581 0.26916434057056904 0.012510744854807854 0.02651098743081093 0.6235346221923828
