0 0.9079645127058029 0.8667080700397491 0.18407103419303894 0.2661285996437073 0.9918171691894532
0 0.3663638010621071 0.2907419763505459 0.07232590019702911 0.10421928018331528 0.9874366760253906
0 0.31309230625629425 0.33268698304891586 0.10117623209953308 0.1336793750524521 0.9828233337402343
0 0.499023012816906 0.8067349791526794 0.19980601966381073 0.29257071018218994 0.979266128540039
0 0.06396552082151175 0.30817948188632727 0.018868250772356987 0.02957865409553051 0.7082305908203125
1 0.8933156654238701 0.8075661547482014 0.05036042630672455 0.05903778225183487 0.9611312103271484
1 0.4624936990439892 0.7435610387474298 0.04951658099889755 0.05889095738530159 0.9434034729003906
1 0.5281716110184789 0.7348493784666061 0.023433590307831764 0.05617901682853699 0.9239055633544921
1 0.2974978764541447 0.29688373673707247 0.015015856362879276 0.021159956231713295 0.9097075653076172
4 0.5743942614644766 0.9168657008558512 0.02113170549273491 0.05271385982632637 0.7409000396728516
3 0.9585884138941765 0.807884220033884 0.04795430600643158 0.05352116376161575 0.6799071502685546
