0 0.5339581221342087 0.38971543312072754 0.11956456303596497 0.15429967641830444 0.9915924072265625
0 0.5418898984789848 0.7618366926908493 0.18374888598918915 0.25460323691368103 0.9787816619873047
0 0.326590109616518 0.2926303930580616 0.07146946340799332 0.08865184336900711 0.9732253265380859
0 0.18957441300153732 0.28308773785829544 0.07358451187610626 0.10976897180080414 0.9316276550292969
0 0.2703422848135233 0.30817629396915436 0.05409844592213631 0.06380948424339294 0.9287590789794922
0 0.06349012348800898 0.3083988195285201 0.019879141822457314 0.029990924522280693 0.7965449523925782
1 0.57490667514503 0.7033838182687759 0.03356068953871727 0.03870120644569397 0.8452207183837891
1 0.5114307822659612 0.695091400295496 0.02842130698263645 0.034392066299915314 0.780078125
1 0.33784222416579723 0.27123207692056894 0.011592324823141098 0.01391788013279438 0.7455240631103516
4 0.4766923328861594 0.8629920538514853 0.023044554516673088 0.05450309440493584 0.6070677566528321
4 0.4906987864524126 0.4374185912311077 0.01817280426621437 0.056652747094631195 0.5810198211669921
