0 0.39510586485266685 0.29891255125403404 0.09068339318037033 0.11683829873800278 0.9851507568359374
0 0.35638277977705 0.37815460562705994 0.11301164329051971 0.15267080068588257 0.984931869506836
0 0.5613227486610413 0.9384904988110065 0.21219640970230103 0.11999771744012833 0.944177017211914
0 0.1477441005408764 0.32111611403524876 0.03240790218114853 0.03392433002591133 0.9249787139892578
0 0.2671290449798107 0.3203269150108099 0.05970107764005661 0.03918002173304558 0.9176734924316406
1 0.5078844726085663 0.9706752337515354 0.06182527542114258 0.057334788143634796 0.9557474517822265
1 0.5909686051309109 0.966135062277317 0.03818022459745407 0.06526155769824982 0.9440570068359375
1 0.33807877264916897 0.33747047185897827 0.016234587877988815 0.02026420831680298 0.8653192138671875
1 0.3772931154817343 0.3403430012986064 0.016384314745664597 0.022569840773940086 0.7702652740478516
4 0.31422850489616394 0.4360242150723934 0.01546621322631836 0.03570239990949631 0.581354866027832
4 0.4056555728893727 0.35428406950086355 0.0077603659592568874 0.013819320127367973 0.5700008773803711
