0 0.3428809978067875 0.3601878955960274 0.10808242112398148 0.14693738520145416 0.9859764862060547
0 0.5328174829483032 0.9006519094109535 0.22421503067016602 0.1986679583787918 0.9822267150878906
0 0.3831106163561344 0.29443156346678734 0.08676636964082718 0.10960885137319565 0.9817502593994141
0 0.1439066268503666 0.32741804048419 0.025393374264240265 0.024688325822353363 0.9624923706054688
0 0.25977930799126625 0.32406455278396606 0.05370054394006729 0.028957903385162354 0.9501432800292968
0 0.9455861784517765 0.9445865824818611 0.10882765799760818 0.10919810831546783 0.9008468627929688
0 0.06437053065747023 0.30903590004891157 0.0184651967138052 0.031061893329024315 0.7913078308105469
1 0.49324363283813 0.8947325497865677 0.057632382959127426 0.06808415055274963 0.9718787384033203
1 0.5711167342960835 0.8840892091393471 0.04420337826013565 0.0675242692232132 0.9614957427978515
1 0.9699683114886284 0.9724069628864527 0.05983041226863861 0.05392201617360115 0.8584121704101563
1 0.32550389552488923 0.321903127245605 0.015582879073917866 0.0208760853856802 0.8332000732421875
4 0.3023934862576425 0.41460491344332695 0.013607184402644634 0.03648551553487778 0.7341300201416016
3 0.3435933808796108 0.3259784495458007 0.013865693472325802 0.021460695192217827 0.5949827957153321
