0 0.5395953208208084 0.9168699905276299 0.23139628767967224 0.16461096704006195 0.9861625671386719
0 0.34858452156186104 0.36681338399648666 0.10873857885599136 0.14834831655025482 0.984234848022461
0 0.14547408092767 0.32361200731247663 0.02767888642847538 0.029010659083724022 0.9742449188232422
0 0.3892366923391819 0.2963917404413223 0.08662999421358109 0.11238208413124084 0.9658854675292968
0 0.26373488269746304 0.32118989154696465 0.056187551468610764 0.033232711255550385 0.918938980102539
0 0.06435186602175236 0.3085184246301651 0.0179397352039814 0.029077798128128052 0.809468994140625
1 0.49918297305703163 0.9288322255015373 0.0583878830075264 0.0705089420080185 0.952471923828125
1 0.5805602557957172 0.9202026911079884 0.04130420833826065 0.06793908029794693 0.8651272583007813
1 0.3316304599866271 0.327254724688828 0.015760166570544243 0.019996190443634987 0.8429390716552735
1 0.32695483788847923 0.3288618726655841 0.017089717090129852 0.021330853924155235 0.7357676696777343
3 0.3492014347575605 0.33064424246549606 0.012422370724380016 0.018009468913078308 0.8677796936035156
4 0.3079391620121896 0.4210178442299366 0.015142600052058697 0.04166070371866226 0.6302879333496094
