0 0.16490017995238304 0.2973780520260334 0.060567013919353485 0.08021364361047745 0.977520751953125
0 0.4634062722325325 0.3351472020149231 0.1056378036737442 0.13462716341018677 0.9712413024902343
0 0.30008480697870255 0.30293629691004753 0.06896831095218658 0.06952079385519028 0.9197734832763672
0 0.44190042465925217 0.5280275568366051 0.14749638736248016 0.19969789683818817 0.9178172302246094
0 0.2516497019678354 0.3244473412632942 0.041340429335832596 0.026209428906440735 0.8926273345947265
0 0.06387736927717924 0.3077522134408355 0.01841125451028347 0.029452485963702202 0.6284983825683593
0 0.1930056323762983 0.28915089974179864 0.007384888362139463 0.012786638922989368 0.5791342163085937
1 0.465850873850286 0.4807991776615381 0.025575606152415276 0.03187801316380501 0.7934889221191406
1 0.30005325097590685 0.28435648791491985 0.009856605902314186 0.022198345512151718 0.7809467315673828
1 0.3102674363180995 0.28958099987357855 0.009549235925078392 0.020371077582240105 0.7575343322753906
1 0.41670924983918667 0.48047775495797396 0.017161082476377487 0.023815521970391273 0.7539066314697266
