0 0.5833462923765182 0.8886698111891747 0.21014544367790222 0.2205856293439865 0.9876388549804688
0 0.5771451815962791 0.4290821999311447 0.12892179191112518 0.1675375998020172 0.9869129943847657
0 0.20441588386893272 0.27980537340044975 0.07973875850439072 0.11481495946645737 0.9677538299560546
0 0.3397222124040127 0.28980039432644844 0.07222496718168259 0.09495852142572403 0.9506997680664062
0 0.2819944806396961 0.30002008751034737 0.056352950632572174 0.07483599334955215 0.9365546417236328
0 0.06359030865132809 0.3090262785553932 0.019508767873048782 0.029809966683387756 0.6962535858154297
1 0.5494356267154217 0.8541963193565607 0.054800890386104584 0.05953289940953255 0.9348084259033204
1 0.33688309229910374 0.257910025306046 0.016515064984560013 0.027928585186600685 0.8208081817626953
1 0.35161934280768037 0.2658702079206705 0.01118596363812685 0.017102587968111038 0.7536936950683594
1 0.5550407133996487 0.38852173928171396 0.024612300097942352 0.02868296392261982 0.6828704071044922
1 0.1914598848670721 0.2515686182305217 0.015758465975522995 0.018625980243086815 0.6422606658935547
1 0.6175822615623474 0.858369367197156 0.041764259338378906 0.04473486915230751 0.6420682525634765
4 0.5032367827370763 0.9751334339380264 0.015523338690400124 0.04771152138710022 0.6436043548583984
4 0.6327324947342277 0.4927825331687927 0.014496294781565666 0.038219988346099854 0.6281353378295899
