0 0.543013658374548 0.39659085869789124 0.12159382551908493 0.15885424613952637 0.9920169067382812
0 0.5519853159785271 0.7961169928312302 0.1870305985212326 0.26418814063072205 0.9813523864746094
0 0.19253010675311089 0.28277622163295746 0.07578598707914352 0.11035597324371338 0.9230757141113282
0 0.32945964485406876 0.29140128567814827 0.07211895287036896 0.09131450206041336 0.8973612213134765
0 0.2722541131079197 0.3057646155357361 0.05325756222009659 0.0677751898765564 0.8249251556396484
0 0.0638599582016468 0.3084097821265459 0.0188448503613472 0.030392710119485855 0.8218499755859375
4 0.4842532416805625 0.8949439562857151 0.02424427680671215 0.0667342022061348 0.7463023376464843
4 0.6255008336156607 0.883908323943615 0.03007526323199272 0.06514762341976166 0.6659048461914062
4 0.49608856812119484 0.4449018817394972 0.018690235912799835 0.05889463052153587 0.6382588577270508
4 0.25018836348317564 0.32814336847513914 0.006323750596493483 0.016272565349936485 0.5808234786987305
1 0.20717092044651508 0.2561267940327525 0.016655270010232925 0.018150782212615013 0.7368538665771485
1 0.18019801191985607 0.2533414978533983 0.01196807250380516 0.01598242297768593 0.6856271362304688
1 0.34055657172575593 0.26863281801342964 0.010770161636173725 0.016765452921390533 0.6662034606933593
1 0.31393849244341254 0.26896344358101487 0.009567069821059704 0.01551810372620821 0.6484267425537109
1 0.5846702288836241 0.7363496981561184 0.03922983631491661 0.038681142032146454 0.6313776397705078
1 0.516064427793026 0.7329409327358007 0.03643868863582611 0.045712392777204514 0.618260383605957
