0 0.5383809879422188 0.9121047034859657 0.22980858385562897 0.1750846654176712 0.983284683227539
0 0.34635767713189125 0.36530495434999466 0.10979951173067093 0.1476246863603592 0.9788239288330078
0 0.38648371398448944 0.2964431084692478 0.0877513587474823 0.11275581270456314 0.9774655151367188
0 0.14478625170886517 0.3253904888406396 0.026630457490682602 0.027739347890019417 0.9750691986083985
0 0.2618044149130583 0.32261956203728914 0.055041756480932236 0.03081549145281315 0.9249768829345704
0 0.06428245548158884 0.3083349224179983 0.01803145743906498 0.030770789831876755 0.6838088989257812
1 0.4969612192362547 0.91866035759449 0.059193577617406845 0.07037082314491272 0.9631678771972656
1 0.578226376324892 0.9101798869669437 0.04163417965173721 0.0670524314045906 0.9321027374267579
1 0.3299876688979566 0.32544894982129335 0.015532779507339 0.020444968715310097 0.8978430938720703
1 0.3676279545761645 0.32896776869893074 0.01558465976268053 0.01844010502099991 0.6245963668823242
3 0.3471379023976624 0.329640943557024 0.013504155911505222 0.019908227026462555 0.8716593933105469
4 0.4209509650245309 0.3443711851723492 0.01158192940056324 0.01402172539383173 0.6889350891113282
