0 0.49643681943416595 0.7976752072572708 0.19867286086082458 0.291019469499588 0.995347900390625
0 0.9051353186368942 0.8616995364427567 0.18972930312156677 0.27660098671913147 0.9878515625
0 0.3108905777335167 0.33105622977018356 0.10064052045345306 0.13306884467601776 0.9838100433349609
0 0.36499936878681183 0.29007716104388237 0.07086566090583801 0.10260017961263657 0.9821135711669922
0 0.06395781971514225 0.30828811414539814 0.01932257041335106 0.02997962012887001 0.7280496215820312
1 0.8878372628241777 0.7953561246395111 0.05040556564927101 0.06331413984298706 0.9739765167236328
1 0.4598667435348034 0.7323497012257576 0.050046347081661224 0.05994059145450592 0.9409355163574219
1 0.5287243966013193 0.7253907285630703 0.03090648725628853 0.05689799040555954 0.9346262359619141
1 0.2951744575984776 0.2941756146028638 0.014451281167566776 0.0197779331356287 0.8425616455078125
1 0.32932617235928774 0.29919839557260275 0.01585785485804081 0.01912720315158367 0.6490875244140625
4 0.5718111516907811 0.9056091215461493 0.02129211463034153 0.05127749964594841 0.7837566375732422
4 0.4279238823801279 0.9104321375489235 0.023495007306337357 0.06177492439746857 0.7057354736328125
4 0.35246375016868114 0.3867589710280299 0.014063294976949692 0.021306073293089867 0.6658628845214843
3 0.9520972538739443 0.7962882202118635 0.04466203227639198 0.05292301997542381 0.5816720581054687
