0 0.5120473504066467 0.37158334255218506 0.11842012405395508 0.14974600076675415 0.9909290313720703
0 0.3203040435910225 0.294715479016304 0.06947489082813263 0.08390429615974426 0.981572265625
0 0.5171043500304222 0.6896947026252747 0.17227475345134735 0.23827135562896729 0.9764886474609376
0 0.18273856863379478 0.285497073084116 0.07209240645170212 0.10361800342798233 0.9426565551757813
0 0.2656798046082258 0.3093138635158539 0.052018847316503525 0.05461663007736206 0.93024169921875
0 0.06401870492845774 0.30825619492679834 0.019042568281292915 0.02974805422127247 0.6773715209960938
1 0.4866016209125519 0.6306421849876642 0.03757190704345703 0.0474097914993763 0.8674185943603515
1 0.3175968765281141 0.26857686694711447 0.013176250271499157 0.022809458896517754 0.7783692169189453
1 0.3316911878064275 0.2759281056933105 0.011552238836884499 0.01448237057775259 0.7065029144287109
1 0.5468047820031643 0.6354112960398197 0.028452269732952118 0.035010047256946564 0.669880142211914
1 0.17077240347862244 0.2621612139046192 0.0152587890625 0.016910411417484283 0.6395293426513672
1 0.30781417107209563 0.27383276261389256 0.008557955734431744 0.014348376542329788 0.6311669921875
4 0.45516025461256504 0.7794036865234375 0.023000050336122513 0.05763900279998779 0.6806121063232422
4 0.4654633980244398 0.41796477884054184 0.011743482202291489 0.054791852831840515 0.5833172607421875
