0 0.9186548292636871 0.8856219723820686 0.16268056631088257 0.2263103872537613 0.9960965728759765
0 0.5088556334376335 0.8465083539485931 0.20680974423885345 0.2985249161720276 0.9837899780273438
0 0.3711154907941818 0.2904374375939369 0.07640412449836731 0.1044444590806961 0.981055679321289
0 0.32152367010712624 0.3388224020600319 0.10372412949800491 0.13765586912631989 0.9806853485107422
0 0.25364137440919876 0.32948903553187847 0.03770492970943451 0.01662835106253624 0.8461229705810547
0 0.06385517306625843 0.3082898184657097 0.01872856542468071 0.029439374804496765 0.651016845703125
1 0.9172768071293831 0.849958885461092 0.05062796175479889 0.06000671535730362 0.9513101959228516
1 0.4714163728058338 0.7812843322753906 0.05161008983850479 0.061891794204711914 0.9447831726074218
1 0.5444228481501341 0.7741560209542513 0.03553291782736778 0.06147703900933266 0.9274827575683594
1 0.305978880263865 0.3031443152576685 0.013619931414723396 0.018952149897813797 0.7772029876708985
1 0.90423240698874 0.8501147590577602 0.04292755201458931 0.04879557341337204 0.6648524475097656
4 0.4376695854589343 0.9622217081487179 0.0265324916690588 0.07046740502119064 0.7275714111328125
4 0.587288717739284 0.9634864740073681 0.021719297394156456 0.04783042520284653 0.6513791656494141
4 0.3640863657929003 0.39597280882298946 0.014991951175034046 0.02363566681742668 0.6413228607177734
