0 0.5611299946904182 0.8326744139194489 0.1951286941766739 0.27266067266464233 0.9915499877929688
0 0.5529060214757919 0.40595920383930206 0.12310841679573059 0.16191366314888 0.9869977569580078
0 0.19594714418053627 0.28223128244280815 0.07621563225984573 0.11171110719442368 0.9572194671630859
0 0.3328474834561348 0.29026100039482117 0.07083673775196075 0.09287208318710327 0.8985930633544922
0 0.0636571366339922 0.3086030874401331 0.01933605596423149 0.030330855399370193 0.8762433624267578
0 0.275327967479825 0.3038019500672817 0.05397779121994972 0.07124989479780197 0.7369524383544922
1 0.5299669746309519 0.7654867023229599 0.050606537610292435 0.05949565768241882 0.9532695770263672
1 0.5937266834080219 0.7700941283255816 0.03850708156824112 0.042609039694070816 0.8836985015869141
1 0.2107863463461399 0.25538336765021086 0.018209822475910187 0.018819143995642662 0.7189881134033204
1 0.3447027327492833 0.26878431532531977 0.010795021429657936 0.01574540324509144 0.6969673919677735
1 0.18321712594479322 0.2558330846950412 0.015458917245268822 0.019145062193274498 0.5797774124145508
4 0.49242267198860645 0.9160057008266449 0.025086943060159683 0.10421210527420044 0.7788467407226562
