0 0.49462609738111496 0.7874902635812759 0.19767777621746063 0.2861323654651642 0.9935375213623047
0 0.9024935588240623 0.8556981682777405 0.19501285254955292 0.28339195251464844 0.983604965209961
0 0.36286720260977745 0.2900606244802475 0.071071557700634 0.10107094049453735 0.9813362884521485
0 0.3088557608425617 0.329338438808918 0.09969697147607803 0.13202954828739166 0.9790640258789063
0 0.06358329020440578 0.3083745753392577 0.019490841776132584 0.03095768205821514 0.7466712951660156
1 0.45858138613402843 0.7247135397046804 0.04930632933974266 0.05875701829791069 0.967255859375
1 0.5272663943469524 0.7173257954418659 0.033265016973018646 0.059252478182315826 0.9655255889892578
1 0.8824354764074087 0.7866759784519672 0.04828472062945366 0.05625519901514053 0.9485845947265625
1 0.2931892890483141 0.29297713190317154 0.014714304357767105 0.020747318863868713 0.9113455200195313
4 0.34937846660614014 0.38609493523836136 0.014745712280273438 0.01939965784549713 0.6439484405517578
