0 0.5218196138739586 0.87247034907341 0.21366284787654877 0.25193649530410767 0.9936430358886719
0 0.9322653710842133 0.9142030999064445 0.1338147521018982 0.1715906709432602 0.9858221435546874
0 0.33281343057751656 0.3487982749938965 0.10612068325281143 0.14288711547851562 0.9819287109375
0 0.3774016834795475 0.29220128059387207 0.08095032721757889 0.10723060369491577 0.9789236450195312
0 0.258575739338994 0.32646493799984455 0.04245716705918312 0.02354970946907997 0.9215847015380859
0 0.14098945539444685 0.3298681899905205 0.02075025998055935 0.01672445237636566 0.8744584655761719
0 0.06484247464686632 0.30882817786186934 0.01731625385582447 0.029655342921614647 0.6737135314941406
1 0.4829698633402586 0.8345400057733059 0.05575224384665489 0.06533288210630417 0.9746727752685547
1 0.9469324592500925 0.9115451723337173 0.05660896375775337 0.06336048245429993 0.9371723937988281
1 0.5573516562581062 0.825879693031311 0.035807862877845764 0.06334686279296875 0.9277048492431641
1 0.31641123071312904 0.312458036467433 0.015885479748249054 0.022045191377401352 0.8925321960449218
4 0.4072641571983695 0.3394657662138343 0.0144557636231184 0.01617651991546154 0.65738037109375
4 0.44152703508734703 0.973657114431262 0.02140747755765915 0.05240913853049278 0.6166359329223633
4 0.3756905454210937 0.4053430613130331 0.01555954571813345 0.02946777269244194 0.5848332214355468
