0 0.5430744886398315 0.9223986268043518 0.22915023565292358 0.15360593795776367 0.9920669555664062
0 0.35018589347600937 0.36952492594718933 0.11074475944042206 0.14954054355621338 0.9828382873535156
0 0.38958790153265 0.29623210057616234 0.08982013165950775 0.11331414431333542 0.9795238494873046
0 0.1453222520649433 0.32297523878514767 0.027777917683124542 0.02980784699320793 0.9721582794189453
0 0.2655116356909275 0.3220689930021763 0.05881870537996292 0.03671575337648392 0.9148298645019531
0 0.06326753366738558 0.3084690198302269 0.019806938245892525 0.031316205859184265 0.5991598892211915
1 0.5014405716210604 0.9421737045049667 0.05963185802102089 0.06876203417778015 0.9666256713867187
1 0.3336963914334774 0.32925544772297144 0.016742102801799774 0.022687049582600594 0.9129734039306641
1 0.5821158401668072 0.9319319985806942 0.042622946202754974 0.06758790463209152 0.9020913696289062
1 0.37341226171702147 0.3322328208014369 0.017835458740592003 0.020390545949339867 0.6333723068237305
4 0.42506584944203496 0.34476328222081065 0.011485704220831394 0.014164394699037075 0.8244325256347657
4 0.395974257029593 0.43122564908117056 0.016222255304455757 0.02265690080821514 0.6651113891601562
6 0.8341250540688634 0.3594949543476105 0.010903740301728249 0.07098549604415894 0.6541020202636719
3 0.35001186933368444 0.33215993270277977 0.0136012714356184 0.019395701587200165 0.6265810012817383
