0 0.5781040117144585 0.8758575618267059 0.20672200620174408 0.2474638819694519 0.9813794708251953
0 0.5702651217579842 0.42311619222164154 0.12734617292881012 0.1650482714176178 0.9754823303222656
0 0.3384021408855915 0.28968870267271996 0.07207212597131729 0.09444873780012131 0.9717656707763672
0 0.20266830548644066 0.28023169562220573 0.07931842654943466 0.1145729348063469 0.9663033294677734
0 0.28085446543991566 0.30148641020059586 0.05508476868271828 0.07348771393299103 0.9591134643554687
0 0.06372843589633703 0.3088880041614175 0.019475428387522697 0.030713172629475594 0.7472298431396485
1 0.543295793235302 0.8297761678695679 0.04845641553401947 0.05348861217498779 0.8483699798583985
1 0.6115671917796135 0.8316304571926594 0.04398606717586517 0.04375932365655899 0.8224090576171875
1 0.3348234770819545 0.2588108368217945 0.014876937493681908 0.027534909546375275 0.7961299133300781
1 0.549823503009975 0.37887272238731384 0.024466833099722862 0.031597673892974854 0.7536578369140625
1 0.2172943651676178 0.2543596960604191 0.016903400421142578 0.016651012003421783 0.7528338623046875
1 0.34931184258311987 0.2668627128005028 0.012139765545725822 0.017986580729484558 0.7232947540283203
1 0.18974254047498107 0.2527041370049119 0.014248768799006939 0.015999631956219673 0.6056201934814454
6 0.8340455335564911 0.3595270961523056 0.010975011624395847 0.0716504156589508 0.637972412109375
