0 0.5633298307657242 0.41648752987384796 0.1265038549900055 0.1641894280910492 0.9854866027832031
0 0.571392796933651 0.8653148114681244 0.20026908814907074 0.2684934735298157 0.9835700225830079
0 0.1993878297507763 0.28143423795700073 0.0778263732790947 0.1128387451171875 0.9601942443847656
0 0.2783086318522692 0.30264394730329514 0.05465942993760109 0.0725121945142746 0.9152970886230469
0 0.33618684858083725 0.29022400453686714 0.07231311500072479 0.09368065744638443 0.8856950378417969
0 0.06386231817305088 0.30897503439337015 0.019250940531492233 0.030458973720669746 0.6746794891357422
1 0.5378753188997507 0.804479556158185 0.05006866529583931 0.055528316646814346 0.9234751892089844
1 0.347327743191272 0.26608548453077674 0.010511049069464207 0.015326577238738537 0.8451921081542969
1 0.6052334103733301 0.8066959194839001 0.038502056151628494 0.042227230966091156 0.6363816833496094
4 0.17048872588202357 0.3192415703088045 0.012694231234490871 0.03540739789605141 0.6106092834472656
4 0.6479311306029558 0.982333779335022 0.03304678574204445 0.034761667251586914 0.5613551330566406
