0 0.5061031058430672 0.8388058543205261 0.2051813155412674 0.29627764225006104 0.9948081207275391
0 0.9157199487090111 0.8807989805936813 0.16790466010570526 0.23712417483329773 0.9935362243652344
0 0.3696822561323643 0.290653545409441 0.07479912787675858 0.104301817715168 0.9659042358398438
0 0.31982608512043953 0.33725541085004807 0.1039486899971962 0.13814793527126312 0.9558455657958984
0 0.06467547733336687 0.3092690072953701 0.017299266532063484 0.02886538952589035 0.7132719421386718
1 0.9116506613790989 0.8398574329912663 0.05022633820772171 0.06093258410692215 0.9692768096923828
1 0.4694900531321764 0.7725268714129925 0.051721636205911636 0.06117858737707138 0.9518550872802735
1 0.5414704196155071 0.7643739748746157 0.035653017461299896 0.06129506602883339 0.9250161743164063
1 0.3042368432506919 0.3016917919740081 0.015588728711009026 0.021836740896105766 0.8780271911621094
4 0.4355826396495104 0.9527419246733189 0.0246315635740757 0.06635046750307083 0.7184564208984375
4 0.5840553240850568 0.95330910384655 0.02205435372889042 0.04605373740196228 0.6387411499023438
4 0.3616197030059993 0.39457219932228327 0.015303357504308224 0.02284074015915394 0.607266845703125
4 0.39700309047475457 0.3358224667608738 0.013461780734360218 0.015805251896381378 0.5996199417114257
3 0.9765888620167971 0.835512638092041 0.04524568095803261 0.06541550159454346 0.5735564804077149
