0 0.4697212502360344 0.3397117033600807 0.1061437577009201 0.13623841106891632 0.9888774871826171
0 0.4523633047938347 0.5466186478734016 0.15083621442317963 0.2017209678888321 0.9730460357666015
0 0.16679270565509796 0.2944592013955116 0.06466004252433777 0.08721126616001129 0.9728182220458984
0 0.302934966981411 0.3023464307188988 0.0691860169172287 0.07242827117443085 0.9453688812255859
0 0.25324689969420433 0.32300205435603857 0.04141058772802353 0.02889200858771801 0.8675865936279297
0 0.0638852808624506 0.30805765371769667 0.018645834177732468 0.029751276597380638 0.7681028747558594
1 0.3028156994841993 0.28008544724434614 0.011010455898940563 0.020782357081770897 0.8340754699707031
1 0.313600929453969 0.28660108521580696 0.01032978668808937 0.015758909285068512 0.8101364135742187
1 0.15395616786554456 0.27776853647083044 0.008917824365198612 0.016307858750224113 0.8028265380859375
1 0.17704657185822725 0.27538168150931597 0.02002064324915409 0.020138436928391457 0.6493821716308594
4 0.39672928862273693 0.6199449878185987 0.01916402205824852 0.05369686707854271 0.6322113418579102
4 0.3213626763317734 0.3296396480873227 0.007592265028506517 0.017958352342247963 0.6303604888916016
