0 0.16346338018774986 0.2992360591888428 0.05985795706510544 0.07738882303237915 0.9771468353271484
0 0.4312446862459183 0.5084959641098976 0.14376208186149597 0.19556935131549835 0.9484075927734374
0 0.29683150723576546 0.3051362447440624 0.06741038709878922 0.06804510205984116 0.9169490051269531
0 0.45713961496949196 0.330916166305542 0.10378850251436234 0.13181740045547485 0.9153430938720704
0 0.2484713662415743 0.325877295807004 0.04007628932595253 0.02457258477807045 0.8663108825683594
0 0.06379567552357912 0.3079870315268636 0.018536189571022987 0.029226118698716164 0.7202287292480469
1 0.29682481894269586 0.2852049106732011 0.011085224337875843 0.02130805142223835 0.8234183502197265
1 0.3075339156202972 0.2900423677638173 0.008447996340692043 0.015675241127610207 0.7265628814697266
1 0.4550741892307997 0.4633525414392352 0.023649152368307114 0.025774439796805382 0.6573553466796875
1 0.40684393886476755 0.46100139152258635 0.022028224542737007 0.025613119825720787 0.6164376831054688
4 0.37956217117607594 0.5811067223548889 0.019094053655862808 0.04928696155548096 0.6589250946044922
