0 0.5464809611439705 0.9275944977998734 0.23181326687335968 0.14314857125282288 0.9892364501953125
0 0.3912876918911934 0.297372929751873 0.08872909843921661 0.11380679905414581 0.9831513977050781
0 0.35253719985485077 0.3728242516517639 0.11064150929450989 0.15250295400619507 0.9810768127441406
0 0.14582076109945774 0.32295035663992167 0.027852345257997513 0.030361400917172432 0.9725757598876953
0 0.26608474738895893 0.32273806259036064 0.05795985832810402 0.038725338876247406 0.9085552978515625
1 0.5032920259982347 0.9539369344711304 0.059935156255960464 0.07297849655151367 0.9650276184082032
1 0.5857823248952627 0.9452771916985512 0.043924521654844284 0.07050628960132599 0.9258563995361329
1 0.3352697277441621 0.33305433951318264 0.017073409631848335 0.02436591312289238 0.9058534240722657
4 0.3989078542217612 0.4356715576723218 0.015461890026926994 0.022284189239144325 0.6010917282104492
6 0.8337238905951381 0.3603293150663376 0.010829543694853783 0.07143726944923401 0.585682144165039
