0 0.40975049138069153 0.4635374918580055 0.13606643676757812 0.18297435343265533 0.9749543762207031
0 0.44104982167482376 0.3184715360403061 0.09883613884449005 0.12596842646598816 0.9719387054443359
0 0.16021547093987465 0.3036045841872692 0.05184683948755264 0.06854423135519028 0.9681558227539062
0 0.29017700627446175 0.3083877321332693 0.06713954359292984 0.06151069328188896 0.9511768341064453
0 0.24117895402014256 0.33042321074754 0.03707842901349068 0.014308759942650795 0.8573859405517578
0 0.0642264187335968 0.3080004081130028 0.018575020134449005 0.03016035258769989 0.6755890655517578
4 0.3594083432108164 0.5285571347922087 0.01923542097210884 0.0536668561398983 0.7512580871582031
1 0.38622968550771475 0.41720209177583456 0.016215546056628227 0.022010577842593193 0.7396544647216797
1 0.3011114080436528 0.2953369738534093 0.011222616769373417 0.019145512953400612 0.7289698028564453
1 0.2901004352606833 0.2882488230243325 0.011814911849796772 0.01928761787712574 0.7268435668945312
