0 0.46130331605672836 0.33360783755779266 0.10453484952449799 0.13335373997688293 0.991427993774414
0 0.438874252140522 0.5211581587791443 0.1459795981645584 0.20002412796020508 0.9685659790039063
0 0.16424846835434437 0.29781388491392136 0.05991632118821144 0.07843039929866791 0.9651199340820312
0 0.2992572821676731 0.304060872644186 0.06853539496660233 0.06952076405286789 0.9228097534179688
0 0.25106568448245525 0.3248913148418069 0.04137321934103966 0.026127370074391365 0.8771629333496094
0 0.06400743220001459 0.30803762562572956 0.018285008147358894 0.02938452735543251 0.6835121154785156
1 0.30953431548550725 0.28900200966745615 0.010171541012823582 0.018109695985913277 0.711202392578125
1 0.2984896479174495 0.28428000304847956 0.012167071923613548 0.022615673020482063 0.68921630859375
1 0.2849697610363364 0.28857813961803913 0.009701697155833244 0.01980474963784218 0.6420899963378907
1 0.4621370816603303 0.47548890952020884 0.02420307882130146 0.028816478326916695 0.6064349365234375
4 0.3847284596413374 0.590412050485611 0.019857820123434067 0.05926293134689331 0.6893328857421875
4 0.4214655696414411 0.37819905765354633 0.013630676083266735 0.04373762384057045 0.65448974609375
