0 0.3449427857995033 0.3617200329899788 0.10860611498355865 0.1487124115228653 0.979778060913086
0 0.535951629281044 0.9058167487382889 0.2267688810825348 0.18649020791053772 0.9780428314208984
0 0.38521722331643105 0.2941829338669777 0.08697140961885452 0.1103469580411911 0.9734169006347656
0 0.2610889784991741 0.32324822805821896 0.05597247928380966 0.03150485083460808 0.9367469787597656
0 0.14438855182379484 0.3246166305616498 0.02470906637609005 0.026647130027413368 0.9282089233398437
0 0.9567684009671211 0.9515974558889866 0.08646322786808014 0.09446156769990921 0.9213627624511719
1 0.49486456997692585 0.9053855054080486 0.057930026203393936 0.06667282432317734 0.963371353149414
1 0.5741061810404062 0.8959368728101254 0.037374306470155716 0.06737320870161057 0.9302302551269531
1 0.3278941409662366 0.322668619453907 0.01607624627649784 0.023036673665046692 0.9093025207519532
1 0.9791616033762693 0.9784228857606649 0.03840776905417442 0.04293585941195488 0.6172125244140625
4 0.09584572026506066 0.3652934245765209 0.014083457179367542 0.02390357106924057 0.6903799438476562
4 0.3029485819861293 0.41669792868196964 0.013650035485625267 0.03552158549427986 0.6368502426147461
3 0.3447254956699908 0.3268296867609024 0.015206527896225452 0.019872397184371948 0.5577851486206055
