0 0.5371295884251595 0.3916376903653145 0.12168999016284943 0.15620942413806915 0.9881190490722657
0 0.5452154353260994 0.7736328989267349 0.18506492674350739 0.2581128180027008 0.9750760650634765
0 0.32781941071152687 0.29255108162760735 0.07289225608110428 0.08872788399457932 0.9530438232421875
0 0.2711087204515934 0.3063836395740509 0.05434335023164749 0.06705033779144287 0.9347371673583984
0 0.19082702696323395 0.2829136811196804 0.07528230547904968 0.10910918563604355 0.9208589935302735
0 0.0639849342405796 0.30825848039239645 0.01933085173368454 0.030903710052371025 0.7939203643798828
1 0.5098560526967049 0.71056211553514 0.03398968279361725 0.044288408011198044 0.816648178100586
1 0.205786248203367 0.2585077155381441 0.014716069214046001 0.015666339546442032 0.8035366058349609
1 0.33843788923695683 0.2704451489262283 0.010116704739630222 0.013019165955483913 0.7410956573486328
1 0.5785942506045103 0.7130449935793877 0.03206774219870567 0.0383673757314682 0.7208549499511718
4 0.4795144619420171 0.8707241714000702 0.02425518073141575 0.06284552812576294 0.7228931427001953
4 0.4903017580509186 0.4387170076370239 0.01849651336669922 0.05953383445739746 0.6726358795166015
