0 0.4239884577691555 0.3002973161637783 0.08967243880033493 0.12266387790441513 0.992738037109375
0 0.9081617146730423 0.8732156902551651 0.1835712492465973 0.2535468637943268 0.9909497833251953
0 0.3093780651688576 0.3163542151451111 0.1051458865404129 0.1590772569179535 0.9863063049316406
0 0.3604909796267748 0.273896899074316 0.05987698212265968 0.1043020710349083 0.9820938873291015
0 0.06355883833020926 0.3092912444844842 0.018839282914996147 0.03016442246735096 0.760530014038086
1 0.34580676769837737 0.25133784813806415 0.00924698542803526 0.013131572864949703 0.9360265350341797
1 0.293450522236526 0.2794760838150978 0.02176961861550808 0.024714067578315735 0.9150862121582031
1 0.331055567599833 0.28070572577416897 0.021677525714039803 0.022684168070554733 0.8756057739257812
1 0.8776926510035992 0.8271893952041864 0.039987944066524506 0.045175451785326004 0.813372802734375
1 0.438821985386312 0.2717104069888592 0.011243311688303947 0.01893629878759384 0.8077660369873046
1 0.37093434715643525 0.2509292494505644 0.013630230911076069 0.020062115043401718 0.6201637268066407
4 0.8292950391769409 0.9602954722940922 0.01649188995361328 0.07902950793504715 0.8579814147949218
4 0.4591544666327536 0.3533499650657177 0.014580567367374897 0.017585359513759613 0.839694595336914
4 0.38585768919438124 0.3445249814540148 0.008374309167265892 0.034222666174173355 0.6871646881103516
4 0.2714135190472007 0.37066134065389633 0.015305725857615471 0.05047796666622162 0.6277376937866211
4 0.35459724674001336 0.3829622818157077 0.01213760394603014 0.022388091310858727 0.6009231948852539
