0 0.4275508485734463 0.3016859218478203 0.09212439507246017 0.1253131479024887 0.9913307189941406
0 0.9131912961602211 0.883924312889576 0.1729719191789627 0.23025931417942047 0.9896009826660156
0 0.3623810652643442 0.27403784543275833 0.0614507682621479 0.10498730838298798 0.9780743408203125
0 0.3135722726583481 0.3187771588563919 0.10677286982536316 0.16165530681610107 0.9709247589111328
0 0.06349438242614269 0.3090092921629548 0.018818560987710953 0.029632823541760445 0.7482515716552735
1 0.2966170208528638 0.28256737999618053 0.022047201171517372 0.0254206620156765 0.9679206848144531
1 0.34821015410125256 0.24951820215210319 0.012453492730855942 0.01134431641548872 0.9274442291259766
1 0.33285766653716564 0.2833677874878049 0.02217477187514305 0.021898934617638588 0.8358866882324218
1 0.44197379564866424 0.2726094741374254 0.011761347763240337 0.01902926340699196 0.7836148834228516
1 0.8917028866708279 0.8516444899141788 0.044587962329387665 0.047445960342884064 0.7239289855957032
4 0.46292554726824164 0.3558826148509979 0.01509313564747572 0.01641136407852173 0.8503260803222656
4 0.8430969277396798 0.9707714412361383 0.021026166155934334 0.0584571547806263 0.7054632568359375
