0 0.6168890446424484 0.4690461978316307 0.13742586970329285 0.17860017716884613 0.9801403045654297
0 0.21777579560875893 0.27674874663352966 0.08328015357255936 0.12396019697189331 0.9660589599609375
0 0.6112056598067284 0.9568762443959713 0.16720645129680634 0.08399980515241623 0.9643618774414062
0 0.34857868403196335 0.28798603639006615 0.07394008338451385 0.09907545894384384 0.9512037658691406
0 0.2909275460988283 0.29675648361444473 0.05731085315346718 0.08261848986148834 0.8875546264648437
0 0.06324442941695452 0.30913869477808475 0.019829483702778816 0.02941914275288582 0.6745274353027344
1 0.23275133594870567 0.24953990429639816 0.017406336963176727 0.016665056347846985 0.9002667236328125
1 0.20434469915926456 0.24871439579874277 0.015654612332582474 0.018333660438656807 0.8730558776855468
1 0.573456346988678 0.9897096073254943 0.0244903564453125 0.02010701410472393 0.8239375305175781
1 0.3597204745747149 0.26276909885928035 0.010977459140121937 0.01418482419103384 0.763353500366211
1 0.5917420582845807 0.42386684007942677 0.02920023538172245 0.031227055937051773 0.7066000366210937
1 0.3455445468425751 0.2552400538697839 0.014800548553466797 0.024325760081410408 0.658829345703125
1 0.3032971122302115 0.2784707718528807 0.00996526051312685 0.014835272915661335 0.5801486206054688
