0 0.6253391206264496 0.47863249480724335 0.13899904489517212 0.1816284954547882 0.977623519897461
0 0.3509947583079338 0.28795893490314484 0.07495616376399994 0.09974882006645203 0.9748104858398438
0 0.2209908403456211 0.2766672261059284 0.08389288932085037 0.1247139647603035 0.9566578674316406
0 0.6176297590136528 0.9728531390428543 0.15651677548885345 0.052527815103530884 0.9206842041015625
0 0.29328262992203236 0.29550860077142715 0.05621320381760597 0.08452583849430084 0.9168059539794922
0 0.0635325601324439 0.30911231506615877 0.019774338230490685 0.030017146840691566 0.6984929656982422
1 0.23515915591269732 0.24843929708003998 0.016965294256806374 0.01819664239883423 0.9001150512695313
1 0.20686391554772854 0.24698638916015625 0.015633057802915573 0.020001262426376343 0.8790952301025391
1 0.36115498933941126 0.26252820063382387 0.011277707293629646 0.01621500588953495 0.8572991180419922
1 0.34725446347147226 0.2541093546897173 0.01579262502491474 0.019031468778848648 0.6611724853515625
