0 0.40435605868697166 0.2942846901714802 0.08628784865140915 0.11856479197740555 0.992739486694336
0 0.3442029897123575 0.2734038569033146 0.05340604856610298 0.09613899141550064 0.9849884796142578
0 0.8420355170965195 0.7673476338386536 0.18365725874900818 0.25311195850372314 0.9794066619873046
0 0.2872540131211281 0.29894375801086426 0.09923814237117767 0.15296879410743713 0.9750289154052735
0 0.0632005063816905 0.3085443200543523 0.019612355157732964 0.030184710398316383 0.7045327758789063
1 0.2711214981973171 0.2645392632111907 0.021736495196819305 0.02401546947658062 0.9657196044921875
1 0.3290147501975298 0.2562650069594383 0.014729563146829605 0.021370217204093933 0.7565985870361328
1 0.3068789402022958 0.2660998310893774 0.02028992958366871 0.020497243851423264 0.7426865386962891
1 0.806448869407177 0.7096492648124695 0.037838682532310486 0.042253732681274414 0.6888220977783203
1 0.3541357200592756 0.2527026478201151 0.013808663934469223 0.02246059849858284 0.6514662170410156
1 0.4195891837589443 0.2651215111836791 0.012418015860021114 0.018419845029711723 0.5688029098510742
5 0.2920328816398978 0.3278536908328533 0.020942656323313713 0.012134693562984467 0.8630778503417968
4 0.9262017766013741 0.8590072840452194 0.012884648516774178 0.04519268870353699 0.8062705230712891
4 0.33015738148242235 0.3608656534925103 0.010875606909394264 0.02431321330368519 0.7656979370117187
4 0.43788489885628223 0.3449741005897522 0.013331953436136246 0.016356348991394043 0.6780443572998047
4 0.762760913465172 0.837101973593235 0.015336227603256702 0.07305009663105011 0.6205644607543945
