0 0.38772810623049736 0.29163260757923126 0.0836428627371788 0.11346673965454102 0.9904515838623047
0 0.26870038732886314 0.2888888493180275 0.09365289658308029 0.14407171308994293 0.9849644470214843
0 0.3299053329974413 0.27801563590765 0.052240435034036636 0.09365783631801605 0.9743297576904297
0 0.7795104086399078 0.6757936403155327 0.16918379068374634 0.23359476029872894 0.9645555114746094
0 0.06449364591389894 0.3079299991950393 0.017163777723908424 0.027104271575808525 0.7929924774169922
1 0.2535060402005911 0.255763640627265 0.01930208131670952 0.022739212960004807 0.9352949523925781
1 0.28692153468728065 0.2552089625969529 0.02140725404024124 0.024372326210141182 0.9216094970703125
1 0.3169067082926631 0.25622580386698246 0.014224624261260033 0.022296566516160965 0.6229820251464844
1 0.40155270090326667 0.26265071518719196 0.011868285946547985 0.017709944397211075 0.5955416107177735
4 0.42086976766586304 0.3389901565387845 0.012472152709960938 0.01714308001101017 0.6922100830078125
4 0.8561763484030962 0.761602520942688 0.014864031225442886 0.042131662368774414 0.6173633193969726
