0 0.581497959792614 0.43313075602054596 0.12963555753231049 0.17137852311134338 0.9915829467773437
0 0.5869122743606567 0.8962339833378792 0.21100479364395142 0.2075139433145523 0.9861820983886719
0 0.3404318280518055 0.2898460775613785 0.07205692678689957 0.09459909796714783 0.9761724853515625
0 0.20637962967157364 0.2793188616633415 0.08130545914173126 0.1155705600976944 0.9740283203125
0 0.2829340882599354 0.3000774420797825 0.058724261820316315 0.07647586613893509 0.9606905364990235
0 0.06370473373681307 0.3087903279811144 0.01910523511469364 0.029331687837839127 0.7992303466796875
1 0.6231725327670574 0.8718874789774418 0.042322538793087006 0.04330975562334061 0.8770523071289062
1 0.5529061984270811 0.8727727308869362 0.052191223949193954 0.05488558113574982 0.8759816741943359
1 0.35183247132226825 0.26490334141999483 0.010832532308995724 0.017260262742638588 0.7641412353515625
1 0.3384608686901629 0.25777201633900404 0.014764976687729359 0.026531672105193138 0.7146926879882812
1 0.2208376983180642 0.2530918577685952 0.016552241519093513 0.014021696522831917 0.6986972045898437
1 0.5591714344918728 0.3895155694335699 0.02624022215604782 0.03180019184947014 0.684117431640625
1 0.1937344172038138 0.25094185769557953 0.015541155822575092 0.017810285091400146 0.6683293151855468
4 0.5282876412384212 0.4824628680944443 0.015576108358800411 0.06814685463905334 0.6726890563964844
6 0.8339294870384037 0.35956621915102005 0.010828272439539433 0.07125391066074371 0.6055401611328125
