0 0.37854287773370743 0.2884539067745209 0.07954616844654083 0.11091211438179016 0.9872063446044922
0 0.7448768094182014 0.6268071010708809 0.16114820539951324 0.21999551355838776 0.9713392639160157
0 0.32118915766477585 0.279919795691967 0.05202744901180267 0.09499303996562958 0.9665924072265625
0 0.2581898719072342 0.28303732722997665 0.09389945864677429 0.14221422374248505 0.9553722381591797
1 0.2436181791126728 0.2524141017347574 0.018294937908649445 0.022290010005235672 0.8547791290283203
1 0.27701485715806484 0.25293228682130575 0.02244563028216362 0.020331544801592827 0.8371844482421875
1 0.3091569980606437 0.25919667910784483 0.014652220532298088 0.020345589146018028 0.7283482360839844
1 0.3916971702128649 0.26065318938344717 0.012513700872659683 0.019564790651202202 0.6169417953491211
1 0.3349024849012494 0.2625090489163995 0.01591459847986698 0.020987333729863167 0.5650623321533204
4 0.06384061835706234 0.3079083180055022 0.01884395256638527 0.027833981439471245 0.6684441375732422
4 0.8171632410958409 0.7065558489412069 0.015634918585419655 0.047225724905729294 0.6558244323730469
