0 0.6000936850905418 0.9296866804361343 0.22173719108104706 0.14062657952308655 0.9907792663574219
0 0.6002442091703415 0.4529436454176903 0.13176485896110535 0.17301903665065765 0.9883622741699218
0 0.2117672972381115 0.27812033891677856 0.08191763609647751 0.11985665559768677 0.9863327026367188
0 0.3449477292597294 0.2884199470281601 0.07144797593355179 0.0975254476070404 0.9761358642578125
0 0.2885725498199463 0.2973307929933071 0.05895543098449707 0.08094590157270432 0.9392367553710937
0 0.06292635388672352 0.30941331665962934 0.02030211314558983 0.030498391017317772 0.6358767700195312
1 0.5636268090456724 0.9418400041759014 0.05791899189352989 0.06142272800207138 0.9325389862060547
1 0.6380462367087603 0.9316285997629166 0.05227762833237648 0.07061818242073059 0.8434427642822265
1 0.19896146468818188 0.24957504216581583 0.016223367303609848 0.017573999240994453 0.8278690338134765
1 0.22880887147039175 0.250310143455863 0.016059381887316704 0.016428064554929733 0.7853534698486329
1 0.5756434164941311 0.4090035129338503 0.02778135985136032 0.028666827827692032 0.7417527770996094
1 0.35651432862505317 0.26442786399275064 0.011764812283217907 0.01597456820309162 0.5753244018554687
4 0.6579515812918544 0.5184339545667171 0.014829253777861595 0.037743858993053436 0.6576885986328125
4 0.18125824816524982 0.32207052037119865 0.012569967657327652 0.0307018980383873 0.6206293106079102
