0 0.397096436470747 0.29311705008149147 0.08391460031270981 0.11682222038507462 0.9918792724609375
0 0.2796720378100872 0.2944357097148895 0.09764616936445236 0.1486329436302185 0.9867217254638672
0 0.8168480694293976 0.7293003648519516 0.1797274947166443 0.24351677298545837 0.9836376953125
0 0.33902305364608765 0.2766125313937664 0.051427364349365234 0.09585114568471909 0.9690675354003906
0 0.06357331294566393 0.3078415486961603 0.019878769293427467 0.027798432856798172 0.7488539123535156
1 0.26420063618570566 0.26076891273260117 0.01944662816822529 0.02457292377948761 0.8842001342773438
1 0.324025422334671 0.2584434640593827 0.012522220611572266 0.015553453005850315 0.7855908203125
1 0.2979236049577594 0.26150007359683514 0.01915057562291622 0.020634319633245468 0.7855845642089844
1 0.34858840703964233 0.2580644702538848 0.012539386749267578 0.02274678461253643 0.7033474731445313
1 0.41140430187806487 0.2643181988969445 0.011802355758845806 0.01777482219040394 0.6858518981933593
4 0.8972122152335942 0.8168931156396866 0.015286699868738651 0.05016925930976868 0.7478133392333984
4 0.24405817594379187 0.346153924241662 0.013572661206126213 0.043401677161455154 0.7466879272460938
4 0.7394798002205789 0.795925460755825 0.014024416916072369 0.07255367934703827 0.7055953979492188
4 0.4306445079855621 0.34219174925237894 0.01389347668737173 0.017296062782406807 0.7041940307617187
4 0.3143110116943717 0.3568146014586091 0.008136717602610588 0.0211805272847414 0.6226924133300781
4 0.7538461964577436 0.8091354332864285 0.01982301101088524 0.07908856123685837 0.6095597839355469
