0 0.446841049939394 0.31125620752573013 0.09478012472391129 0.13052408397197723 0.9877662658691406
0 0.33471645787358284 0.3374008685350418 0.11342678219079971 0.17253556847572327 0.9813874053955078
0 0.37734778225421906 0.2770264446735382 0.072480708360672 0.11165541410446167 0.9751665496826172
0 0.9525586552917957 0.9478773213922977 0.09488264471292496 0.10231871157884598 0.9255036926269531
0 0.06383115332573652 0.30926194228231907 0.01874515227973461 0.02817993238568306 0.6228711700439453
1 0.31646339129656553 0.2991491034626961 0.02555735968053341 0.028831198811531067 0.9664158630371094
1 0.46244093170389533 0.28108426462858915 0.012736129574477673 0.02020334266126156 0.8997334289550781
1 0.35667713917791843 0.2984348824247718 0.024756241589784622 0.028806982561945915 0.7415927886962891
1 0.46711806021630764 0.281255810521543 0.015781592577695847 0.021330175921320915 0.724809799194336
1 0.4316709814593196 0.28195374365895987 0.01744232140481472 0.01942203752696514 0.6260054016113281
4 0.2930964706465602 0.39512057416141033 0.017242049798369408 0.0561039112508297 0.7037285614013672
