0 0.48779598623514175 0.33480827510356903 0.10052080452442169 0.14259055256843567 0.9883479309082032
0 0.3802579194307327 0.3869701996445656 0.12734028697013855 0.1961968094110489 0.980904312133789
0 0.4009578414261341 0.27971987798810005 0.08838192373514175 0.11372936517000198 0.9749276733398438
0 0.06454808916896582 0.30998287443071604 0.017897745594382286 0.028676943853497505 0.839742431640625
1 0.3596039032563567 0.3425880242139101 0.030101044103503227 0.032432470470666885 0.920306167602539
1 0.4042449975386262 0.3436694052070379 0.02911783941090107 0.028980594128370285 0.8348270416259765
1 0.38580136513337493 0.259609037078917 0.01506535243242979 0.022257911041378975 0.7900849151611328
1 0.5033784806728363 0.30115275736898184 0.012418746948242188 0.021041614934802055 0.7182001495361328
1 0.4683577953837812 0.3021932356059551 0.014941024594008923 0.02021040767431259 0.6149928665161133
4 0.3349803304299712 0.45284194871783257 0.019185764715075493 0.06455787271261215 0.6773831176757813
