0 0.4026581048965454 0.2939109019935131 0.08846282958984375 0.11767124384641647 0.9895389556884766
0 0.2850315272808075 0.2974991351366043 0.0986325740814209 0.15186282992362976 0.979429931640625
0 0.8359424918889999 0.7578562349081039 0.18166503310203552 0.2508191764354706 0.9768309783935547
0 0.3430419936776161 0.2743491269648075 0.05264784395694733 0.096100814640522 0.9689441680908203
0 0.06357347685843706 0.30839924793690443 0.01888428069651127 0.0290853139013052 0.7531564331054688
1 0.2691852506250143 0.2638569734990597 0.020878981798887253 0.024446897208690643 0.9499358367919922
1 0.304795547388494 0.2641837326809764 0.021717039868235588 0.023775285109877586 0.8068169403076172
1 0.4170791348442435 0.26466491259634495 0.013216463848948479 0.018613208085298538 0.7436262512207031
1 0.3526245872490108 0.2543387869372964 0.015017732046544552 0.02292412705719471 0.733802490234375
1 0.7992852497845888 0.7004408314824104 0.03804067149758339 0.04207910597324371 0.6043874740600585
5 0.2910588597878814 0.3266602037474513 0.019895775243639946 0.01149139367043972 0.8315029907226562
4 0.9184106825850904 0.8492413144558668 0.015219497494399548 0.04774808511137962 0.7393018341064453
4 0.7705102087929845 0.8423399515450001 0.019368553534150124 0.07688836008310318 0.6397403335571289
