0 0.4383385591208935 0.3076131269335747 0.09176435321569443 0.12864772975444794 0.9899674987792969
0 0.9307935610413551 0.9205043241381645 0.13757355511188507 0.15678773820400238 0.9820736694335938
0 0.37119391188025475 0.27630615234375 0.06776993721723557 0.11021888256072998 0.9801561737060547
0 0.3263504207134247 0.3294462412595749 0.11125469207763672 0.1691012978553772 0.974765625
0 0.06377525813877583 0.3092791857197881 0.018704641610383987 0.028963470831513405 0.6985023498535157
1 0.30899516120553017 0.2919095363467932 0.023106224834918976 0.02724437043070793 0.9714235687255859
1 0.34667906537652016 0.2922095162793994 0.023416168987751007 0.02408345602452755 0.8992219543457032
1 0.3540020645596087 0.24466985696926713 0.008180809207260609 0.012711022980511189 0.7288270568847657
1 0.9301426131278276 0.9301591236144304 0.04749972000718117 0.05160624161362648 0.7170685577392578
1 0.45410198578611016 0.2774714231491089 0.011780929751694202 0.01894325017929077 0.6818814849853516
4 0.47607609210535884 0.36019330844283104 0.01549708005040884 0.021440915763378143 0.65365478515625
