0 0.6041141152381897 0.4570237323641777 0.13404273986816406 0.17464105784893036 0.9871518707275391
0 0.21338364854454994 0.27798134461045265 0.08329502493143082 0.12094048410654068 0.9858098602294922
0 0.6050710305571556 0.93622125685215 0.22454486787319183 0.1275574266910553 0.9831307983398437
0 0.34565993025898933 0.2883836328983307 0.07305733114480972 0.09797614812850952 0.9747519683837891
0 0.29018301889300346 0.29770543426275253 0.06182494014501572 0.08083973824977875 0.925721664428711
0 0.0628919554874301 0.3096245853230357 0.020944571122527122 0.02952457033097744 0.5846384048461915
1 0.2293308675289154 0.24943091999739408 0.016367435455322266 0.017147233709692955 0.9056558227539062
1 0.5658975411206484 0.959476625546813 0.05905488505959511 0.05988724157214165 0.8944275665283203
1 0.6413982231169939 0.9589111395180225 0.04503447189927101 0.04780403524637222 0.8904850769042969
1 0.20005029160529375 0.24847519118338823 0.015381956472992897 0.017303014174103737 0.7892803192138672
1 0.5792178390547633 0.41278904862701893 0.02994689904153347 0.029678288847208023 0.6302285766601563
1 0.34330312814563513 0.2541548479348421 0.014840571209788322 0.02474096789956093 0.6161631774902344
4 0.6618376928381622 0.5237253587692976 0.013617387972772121 0.03681951388716698 0.7374762725830079
4 0.3722863020375371 0.3235933296382427 0.011235618963837624 0.030774377286434174 0.692440185546875
4 0.18272977974265814 0.3224942795932293 0.012990681454539299 0.030712269246578217 0.5516179656982422
