0 0.42835962399840355 0.3028964623808861 0.09092467278242111 0.12529133260250092 0.9923842620849609
0 0.9156887382268906 0.8895881474018097 0.16779860854148865 0.21685367822647095 0.9883163452148438
0 0.36347392201423645 0.2740192227065563 0.06387567520141602 0.10629969090223312 0.9822561645507812
0 0.31562425196170807 0.3200458139181137 0.10781171917915344 0.16335850954055786 0.9687549591064453
0 0.06324691884219646 0.3089494211599231 0.019506800919771194 0.030401131138205528 0.7601164245605468
1 0.29888289142400026 0.28310136403888464 0.022107282653450966 0.026123611256480217 0.9431641387939453
1 0.34913930483162403 0.24803645256906748 0.009998384863138199 0.016072647646069527 0.8197003936767578
1 0.335158733651042 0.2839303920045495 0.021930154412984848 0.023057641461491585 0.7980751037597656
1 0.4452929478138685 0.2730353260412812 0.011114533990621567 0.018446462228894234 0.7623439025878906
1 0.34973826818168163 0.24612400587648153 0.01274913176894188 0.009085280820727348 0.6874349975585937
1 0.34630604973062873 0.24258594866842031 0.00988082867115736 0.015201611444354057 0.6387117385864258
1 0.34758240589872 0.2481112191453576 0.0104529382660985 0.008739443495869637 0.624779281616211
4 0.4650759557262063 0.3579152198508382 0.01573708839714527 0.015591317787766457 0.8615817260742188
4 0.3916556974872947 0.34650738164782524 0.01205536536872387 0.03977598994970322 0.6423385620117188
