0 0.5924200192093849 0.4440024048089981 0.13193197548389435 0.17204734683036804 0.9903519439697266
0 0.5954705253243446 0.9159723222255707 0.21911932528018951 0.16767877340316772 0.9852001953125
0 0.2093326412141323 0.27843909710645676 0.08020957559347153 0.11877934634685516 0.9769753265380859
0 0.3428308069705963 0.28904227912425995 0.07353925704956055 0.09621867537498474 0.9727783203125
0 0.28469143249094486 0.2983631044626236 0.05560906603932381 0.07862314581871033 0.9395082855224609
1 0.1967042200267315 0.250442523509264 0.015686623752117157 0.017657555639743805 0.8329164123535157
1 0.5551831368356943 0.9158196840435266 0.04827766492962837 0.055071908980607986 0.7949689483642578
1 0.22416022047400475 0.25103719206526875 0.015670888125896454 0.0152965122833848 0.7293946838378906
1 0.631275212392211 0.9157210569828749 0.04201049730181694 0.04420148953795433 0.7081925201416016
1 0.35353121161460876 0.2652192274108529 0.010004043579101562 0.014369936659932137 0.6904026794433594
1 0.5682015297934413 0.4011832345277071 0.0301042553037405 0.03203687444329262 0.6469322967529297
1 0.3264057715423405 0.265906922519207 0.011027113534510136 0.01349775493144989 0.6149867248535156
4 0.538406157400459 0.49543755128979683 0.015441226772964 0.06452921777963638 0.6761188507080078
4 0.17896908707916737 0.3243843335658312 0.012804333120584488 0.025464657694101334 0.6637783813476562
