0 0.3916283957660198 0.29136158525943756 0.08494599908590317 0.114600270986557 0.9910050964355469
0 0.271711103618145 0.29033783078193665 0.09676815569400787 0.14647510647773743 0.9812734985351562
0 0.33273076079785824 0.2767450585961342 0.05213848873972893 0.0938715785741806 0.9786665344238281
0 0.7917707934975624 0.6927767693996429 0.17217476665973663 0.23539406061172485 0.9687984466552735
1 0.2572818733751774 0.2571407798677683 0.01886475831270218 0.02181209996342659 0.9176547241210937
1 0.29057730454951525 0.25679468642920256 0.020189667120575905 0.02312215231359005 0.84100830078125
1 0.29698151955381036 0.2369945142418146 0.011461925692856312 0.04028584435582161 0.6739203643798828
1 0.7589168474078178 0.6381693799048662 0.03670857846736908 0.03965098038315773 0.5532445144653321
4 0.4241642355918884 0.339094921015203 0.013210773468017578 0.017657725140452385 0.7530092620849609
4 0.06383564416319132 0.3075819546356797 0.01864120550453663 0.026893841102719307 0.7315518951416016
4 0.31359822768718004 0.34680121671408415 0.012239361181855202 0.026562443003058434 0.6668288421630859
4 0.23741243267431855 0.3412157967686653 0.01380117703229189 0.04217226803302765 0.6352314376831054
4 0.8701101024635136 0.7782400865107775 0.014319674111902714 0.04801822081208229 0.5698796081542968
