0 0.5900817587971687 0.9026550799608231 0.21355123817920685 0.19465914368629456 0.9919680023193359
0 0.5848755016922951 0.43707696348428726 0.13134022057056427 0.17149336636066437 0.9910706329345703
0 0.2075938805937767 0.2794247046113014 0.08087177574634552 0.11660636961460114 0.9779822540283203
0 0.3416039012372494 0.289752796292305 0.07218115776777267 0.09462243318557739 0.9599814605712891
0 0.28421431221067905 0.29987797141075134 0.05924992635846138 0.07805091142654419 0.9385004425048828
0 0.06327818054705858 0.30938244331628084 0.019924739375710487 0.029282519593834877 0.6195713424682617
1 0.55386265181005 0.8851964678615332 0.05529133602976799 0.05734829232096672 0.9477854919433594
1 0.352692230604589 0.2651674784719944 0.010420290753245354 0.01722867041826248 0.8228809356689453
1 0.6244323011487722 0.8854607380926609 0.049269866198301315 0.048972971737384796 0.7377234649658203
1 0.22126992605626583 0.2522704596631229 0.016219090670347214 0.01410514023154974 0.705267333984375
1 0.5634526452049613 0.3959695789963007 0.025345293805003166 0.029346127063035965 0.6948876953125
1 0.1942099998705089 0.25046328734606504 0.014934523962438107 0.01760064624249935 0.6874502563476562
1 0.33927317848429084 0.2577523151412606 0.014412212185561657 0.026552440598607063 0.6418033599853515
4 0.176862895488739 0.3216816559433937 0.013237476348876953 0.03040887415409088 0.6566853332519531
4 0.6412272653542459 0.5041963122785091 0.012623469345271587 0.03262775391340256 0.6099495315551757
