0 0.383019782602787 0.2906809225678444 0.08062388002872467 0.1120818704366684 0.9895833587646484
0 0.26296601444482803 0.28599565476179123 0.09413646161556244 0.14292488992214203 0.9836463928222656
0 0.32505298778414726 0.27949461713433266 0.053709886968135834 0.09369970113039017 0.9713590240478516
0 0.7616885527968407 0.6504843682050705 0.16454379260540009 0.22717437148094177 0.96457763671875
0 0.06415290664881468 0.30860557220876217 0.018967172130942345 0.029021482914686203 0.8001312255859375
1 0.2483429368585348 0.254688648506999 0.019026707857847214 0.02250894531607628 0.9468598175048828
1 0.28239672537893057 0.2557071512565017 0.021166546270251274 0.0202340018004179 0.8426588439941406
1 0.3958766283467412 0.2620205208659172 0.01029815711081028 0.01764760911464691 0.8142291259765625
1 0.3812482077628374 0.2536520045250654 0.01675373688340187 0.026960160583257675 0.6366101455688477
1 0.3122337041422725 0.2582946605980396 0.012076949700713158 0.017515309154987335 0.6005400848388672
4 0.6903607645072043 0.7119500376284122 0.013690312393009663 0.07526273280382156 0.7461656951904296
4 0.302867169957608 0.3414241597056389 0.012235990725457668 0.03194783627986908 0.627596206665039
4 0.2968165138736367 0.3451366713270545 0.00871184654533863 0.02316725067794323 0.6095854187011719
4 0.22995916288346052 0.33839424699544907 0.013151263818144798 0.0370551198720932 0.6010945892333984
4 0.41569748101755977 0.33782585989683867 0.012525907717645168 0.01740281842648983 0.5525902938842774
