0 0.3853277489542961 0.29066163673996925 0.08351396024227142 0.1129884198307991 0.9880430603027344
0 0.26474492624402046 0.28705260157585144 0.09375301748514175 0.1427520215511322 0.9758753967285156
0 0.326549656689167 0.27840524539351463 0.05328203737735748 0.09361328929662704 0.9733399963378906
0 0.7681849449872971 0.6592913791537285 0.16532275080680847 0.2270566076040268 0.9494951629638672
0 0.06409700587391853 0.30847327131778 0.01881861686706543 0.029696965590119362 0.6626680755615234
1 0.24995482806116343 0.2555176317691803 0.018799560144543648 0.022042959928512573 0.919028549194336
1 0.2831796370446682 0.25592558179050684 0.020448558032512665 0.020857634022831917 0.856345443725586
1 0.3146534860134125 0.25872912630438805 0.012406349182128906 0.0187717005610466 0.6761754608154297
1 0.39795877737924457 0.2621697699651122 0.01128505077213049 0.01719479076564312 0.6310829925537109
4 0.6956601380370557 0.7231351472437382 0.013480949215590954 0.06838101893663406 0.7448243713378906
