0 0.41933854669332504 0.2989257648587227 0.08938483893871307 0.12219314277172089 0.9900129699707031
0 0.3032202944159508 0.31055013090372086 0.1045820564031601 0.15802635252475739 0.9865866851806641
0 0.3555624447762966 0.2745324485003948 0.060641638934612274 0.10254525393247604 0.9849424743652344
0 0.8952677398920059 0.8528280407190323 0.1996244490146637 0.2745179235935211 0.9796295928955078
0 0.06375409197062254 0.30798619892448187 0.018556220456957817 0.029767213389277458 0.7899402618408203
1 0.28725933469831944 0.2748309299349785 0.02196674421429634 0.02704702317714691 0.9733576202392578
1 0.3406807007268071 0.25431285379454494 0.008810902014374733 0.01395323034375906 0.9602812194824218
1 0.3236121591180563 0.27563950791954994 0.02322835847735405 0.02406514436006546 0.8965869903564453
1 0.433695858810097 0.2699276963248849 0.012251091189682484 0.01807508058845997 0.8790933990478516
1 0.8585359565913677 0.7920900546014309 0.043093107640743256 0.046874038875103 0.7636228942871094
1 0.3663997072726488 0.25262557715177536 0.013486448675394058 0.017618730664253235 0.6389380264282226
4 0.8109113099053502 0.9230217263102531 0.016951942816376686 0.08581899106502533 0.7162307739257813
4 0.26611486868932843 0.36341497115790844 0.014150158502161503 0.05004614219069481 0.6561771392822265
4 0.9871132136322558 0.9489114191383123 0.013827514834702015 0.057802777737379074 0.6097214889526367
4 0.8225266970694065 0.9448774196207523 0.019860394299030304 0.08631987124681473 0.557621955871582
6 0.8340131202712655 0.3598783053457737 0.011019261553883553 0.07153356820344925 0.6103138732910156
