0 0.43290235847234726 0.3041837364435196 0.08982394635677338 0.12868595123291016 0.9902275848388672
0 0.9217399507761002 0.9024796932935715 0.15456333756446838 0.19417187571525574 0.9880712127685547
0 0.3195909410715103 0.32379886507987976 0.10798218846321106 0.1655915081501007 0.9819855499267578
0 0.3669544421136379 0.27343523129820824 0.06517302244901657 0.1047721728682518 0.9777954864501953
0 0.0634844284504652 0.30909455101937056 0.018955420702695847 0.029451554641127586 0.8158544921875
1 0.30265077762305737 0.28588979598134756 0.023890908807516098 0.026217086240649223 0.9739710235595703
1 0.9104982856661081 0.8901413921266794 0.04470043256878853 0.048308420926332474 0.8118316650390625
1 0.4475353639572859 0.274109092541039 0.011611875146627426 0.01979237236082554 0.7844107818603515
1 0.3509206431917846 0.2457702411338687 0.011263242922723293 0.018238773569464684 0.7304378509521484
1 0.3406265676021576 0.28610723931342363 0.026336669921875 0.02314930595457554 0.6985926818847656
1 0.35765046486631036 0.2474234141409397 0.00962610263377428 0.020112045109272003 0.5984515380859375
4 0.4687030711211264 0.36062369123101234 0.015343506820499897 0.015882082283496857 0.7008493041992188
4 0.2802000301890075 0.37869471684098244 0.015180937014520168 0.0546535924077034 0.6883243560791016
4 0.3662957111373544 0.39376035425812006 0.012321503832936287 0.019945384934544563 0.5912951278686523
