0 0.8823403343558311 0.830783948302269 0.19662456214427948 0.2715558707714081 0.9894411468505859
0 0.4152469299733639 0.29755332693457603 0.08822619169950485 0.1215326115489006 0.9883481597900391
0 0.29937751591205597 0.30724669247865677 0.10264089703559875 0.157475546002388 0.9802037811279297
0 0.35241979360580444 0.27281612157821655 0.05954742431640625 0.10087236762046814 0.9719432830810547
0 0.0637920182198286 0.3082289006561041 0.01888864114880562 0.029346805065870285 0.7432942199707031
1 0.28361429180949926 0.27181828767061234 0.021567313000559807 0.02747263014316559 0.9567654418945313
1 0.3372373064048588 0.25355088990181684 0.010653750039637089 0.016813432797789574 0.8948402404785156
1 0.8457979764789343 0.7709228824824095 0.04169146344065666 0.04457482323050499 0.7748508453369141
1 0.43020817218348384 0.2691400274634361 0.01320969220250845 0.018735870718955994 0.7559248352050781
1 0.31906435918062925 0.2745622703805566 0.02257569693028927 0.020730676129460335 0.7107542419433593
4 0.2619089661166072 0.35977781377732754 0.014511918649077415 0.051918935030698776 0.7910392761230469
4 0.9715321459807456 0.927308602258563 0.01211674977093935 0.04808434471487999 0.7785738372802734
4 0.7987046325579286 0.9046691581606865 0.016632335260510445 0.07569907605648041 0.7000538635253907
4 0.3757341643795371 0.3408147841691971 0.006697146221995354 0.03207835555076599 0.5524326705932617
6 0.8339856187812984 0.35994869470596313 0.01097081508487463 0.0713391900062561 0.6334372329711914
