0 0.4969848655164242 0.3406214118003845 0.10442911833524704 0.14510029554367065 0.985090103149414
0 0.39111582934856415 0.4000614583492279 0.13005641102790833 0.20696371793746948 0.9813597106933594
0 0.405961100012064 0.2792576439678669 0.08935601264238358 0.11185339838266373 0.9732513427734375
0 0.06415387243032455 0.30883455742150545 0.01817125827074051 0.029185006394982338 0.8039063262939453
1 0.3703130865469575 0.3559375312179327 0.029388682916760445 0.03603176400065422 0.9495660400390625
1 0.51274001179263 0.30718839447945356 0.011106363497674465 0.022051041945815086 0.8958499145507812
1 0.4158180197700858 0.3556519392877817 0.030092207714915276 0.03448830917477608 0.8278023529052735
1 0.39123337250202894 0.26166838221251965 0.01716146431863308 0.020134028047323227 0.8244740295410157
1 0.5226944922469556 0.30504509527236223 0.013171958737075329 0.023884469643235207 0.6105428314208985
4 0.34602397307753563 0.4694245494902134 0.019451014697551727 0.06736517697572708 0.7543808746337891
