0 0.4219508692622185 0.30008451268076897 0.08903048932552338 0.12176152318716049 0.9914244079589843
0 0.9042757004499435 0.867801621556282 0.1914486587047577 0.26117566227912903 0.9868312072753906
0 0.30702101066708565 0.31361404061317444 0.104711152613163 0.15835419297218323 0.9849800109863281
0 0.35884940810501575 0.27427253499627113 0.059913698583841324 0.10316837579011917 0.9812797546386719
0 0.06375339347869158 0.30933179426938295 0.018900485709309578 0.030622581019997597 0.6852825927734375
1 0.29100765008479357 0.27805060241371393 0.02156820334494114 0.024905027821660042 0.9569025421142578
1 0.344595440197736 0.2532185483723879 0.007724539376795292 0.009274546056985855 0.9314595794677735
1 0.32743879593908787 0.2772080944851041 0.022646237164735794 0.023707637563347816 0.9107527923583985
1 0.43662360729649663 0.2715730806812644 0.011209138669073582 0.01850130967795849 0.8688100433349609
1 0.8709984496235847 0.8146900776773691 0.04100538790225983 0.04626922681927681 0.6956995391845703
4 0.8231608625501394 0.9520979598164558 0.016486357897520065 0.07854427397251129 0.715361328125
6 0.8339882614091039 0.3597678020596504 0.010936165228486061 0.07164306938648224 0.5590289688110351
