0 0.22517769411206245 0.27732766419649124 0.08651722222566605 0.12702439725399017 0.9689710998535156
0 0.35293298959732056 0.2879593260586262 0.07348251342773438 0.10101411491632462 0.95967041015625
0 0.6375949010252953 0.49240949004888535 0.13901691138744354 0.1866113394498825 0.9452101135253906
0 0.29564594477415085 0.29356997087597847 0.05835221707820892 0.08692268282175064 0.9331414794921875
0 0.06340563949197531 0.30924237985163927 0.019739961251616478 0.029665375128388405 0.8275543212890625
1 0.24125630501657724 0.24874439369887114 0.018345849588513374 0.018096020445227623 0.90072265625
1 0.21092524845153093 0.24708579014986753 0.01624908484518528 0.020377447828650475 0.8962482452392578
1 0.36447366466745734 0.26230335468426347 0.01141576748341322 0.015566055662930012 0.7889128112792969
1 0.6136609558016062 0.44748531095683575 0.025671768933534622 0.029465343803167343 0.69421875
1 0.3373049418441951 0.25964457727968693 0.008612378500401974 0.014667171984910965 0.5744577026367188
