0 0.5973872542381287 0.9230480641126633 0.22129058837890625 0.15382453799247742 0.9855329132080078
0 0.59646225720644 0.4488893076777458 0.13268639147281647 0.17055760324001312 0.9844954681396484
0 0.21085400506854057 0.2784661240875721 0.08050166815519333 0.11898080259561539 0.9713563537597656
0 0.34308866038918495 0.2888215593993664 0.07374394685029984 0.09690701216459274 0.9468682098388672
0 0.2854529060423374 0.29798364639282227 0.055445559322834015 0.07911032438278198 0.8646845245361328
1 0.5617675818502903 0.9281658623367548 0.05548775941133499 0.055314917117357254 0.9223816680908203
1 0.6340447273105383 0.9295677207410336 0.044653575867414474 0.0452151820063591 0.8479462432861328
1 0.19743449101224542 0.25023399014025927 0.015560341067612171 0.017086679115891457 0.8434803009033203
1 0.22598760854452848 0.2505104476585984 0.017355045303702354 0.017100440338253975 0.8300917053222656
1 0.5737950997427106 0.4051089398562908 0.028047243133187294 0.031343840062618256 0.7038053894042968
