0 0.367554672062397 0.2870902940630913 0.07975412905216217 0.10778890550136566 0.9702040863037109
0 0.24431857094168663 0.28156106173992157 0.08977001160383224 0.13421949744224548 0.9605582427978515
0 0.6979743391275406 0.5631122812628746 0.15259316563606262 0.20304201543331146 0.9422101593017578
0 0.3078443016856909 0.28433628752827644 0.054211776703596115 0.09199021011590958 0.9179767608642578
0 0.06332013104110956 0.30863024946302176 0.020083406940102577 0.030318958684802055 0.5840081405639649
1 0.23071373999118805 0.25035691261291504 0.01667308807373047 0.018809735774993896 0.9175603485107422
1 0.2607819056138396 0.25135617051273584 0.018598778173327446 0.02016008086502552 0.8842812347412109
1 0.38013525400310755 0.25926953414455056 0.01314452476799488 0.015408155508339405 0.7923474884033204
4 0.21189467003569007 0.3272615671157837 0.013259458355605602 0.03777801990509033 0.6146755218505859
8 0.10868907067924738 0.46679650992155075 0.02673138864338398 0.16890893876552582 0.6126226806640624
