0 0.4791875295341015 0.3298167735338211 0.10051377862691879 0.13859501481056213 0.9835401153564454
0 0.39529671519994736 0.2789653390645981 0.0866730660200119 0.11238288879394531 0.9780770874023438
0 0.36995529383420944 0.3730434775352478 0.12554006278514862 0.19234073162078857 0.9777075958251953
0 0.06495174579322338 0.30999596696347 0.017215263098478317 0.027740931138396263 0.79814453125
1 0.35029731411486864 0.33143228478729725 0.02697458304464817 0.03174257650971413 0.9350933837890625
1 0.3925546668469906 0.3330276571214199 0.026063792407512665 0.0272250697016716 0.8555046081542969
1 0.4945243299007416 0.29737372044473886 0.010873794555664062 0.02174563892185688 0.7735543823242188
1 0.3792654238641262 0.2572404155507684 0.01707588881254196 0.021579178050160408 0.7283245086669922
1 0.37351926788687706 0.3244329169392586 0.02718483656644821 0.03795434534549713 0.684632568359375
4 0.32514321245253086 0.4379132576286793 0.018429089337587357 0.0635281577706337 0.6198013305664063
