0 0.4095330126583576 0.29594655334949493 0.08580217510461807 0.12002158164978027 0.9889936828613282
0 0.8627114817500114 0.7966818660497665 0.18840013444423676 0.26415643095970154 0.9884660339355469
0 0.2929901070892811 0.3030754551291466 0.10181085020303726 0.1538245528936386 0.9843483734130859
0 0.348386624827981 0.2731594145298004 0.056211311370134354 0.09815952181816101 0.9813637542724609
0 0.06360038369894028 0.3080071350559592 0.01898663491010666 0.028757957741618156 0.722211685180664
1 0.2773008607327938 0.268031757324934 0.02042805403470993 0.02309539169073105 0.9501264190673828
1 0.4238126892596483 0.26821929309517145 0.01138550415635109 0.01900261826813221 0.8885100555419921
1 0.31286835484206676 0.2677652770653367 0.022094186395406723 0.02231513150036335 0.887911605834961
1 0.3587180613540113 0.2530000377446413 0.013168620876967907 0.01789141073822975 0.7953002166748047
1 0.8258320167660713 0.7397585827857256 0.04150320589542389 0.04313654080033302 0.7547029876708984
1 0.33365446934476495 0.25677729584276676 0.014786911197006702 0.01612003520131111 0.6935090637207031
4 0.7798423608765006 0.8668126799166203 0.014470545575022697 0.07426220923662186 0.7767924499511719
4 0.4437140841037035 0.346261203289032 0.014200273901224136 0.018063127994537354 0.7766074371337891
4 0.9474785965867341 0.8878503479063511 0.015525945462286472 0.058716781437397 0.7487738800048828
4 0.2561659603379667 0.3553940039128065 0.014229106716811657 0.04736768826842308 0.7194999694824219
4 0.7949393196031451 0.8857642374932766 0.01932557485997677 0.08385693281888962 0.6945521545410156
