0 0.49097148701548576 0.33702757209539413 0.10286559909582138 0.1420602649450302 0.9871751403808594
0 0.4032641723752022 0.28020354360342026 0.08788229525089264 0.11437799036502838 0.9779878997802735
0 0.38608618080616 0.3920131027698517 0.12998583912849426 0.20188313722610474 0.9779113006591796
0 0.06418639328330755 0.3093859385699034 0.018742350861430168 0.028996136039495468 0.8917331695556641
1 0.3648144602775574 0.34912792779505253 0.029805660247802734 0.0334676094353199 0.944127197265625
1 0.3886802038177848 0.25987385399639606 0.016574351117014885 0.01975351944565773 0.9341025543212891
1 0.41091123409569263 0.348981786519289 0.028724733740091324 0.03163788467645645 0.8644546508789063
1 0.5084730861708522 0.30362569727003574 0.01271829567849636 0.022672582417726517 0.7732349395751953
4 0.3404300455003977 0.45918966457247734 0.019060898572206497 0.06937428563833237 0.7470579528808594
4 0.4566631973721087 0.39854000601917505 0.009887409396469593 0.020618410781025887 0.6120039749145508
6 0.8338975152000785 0.3603570833802223 0.011289088055491447 0.07172150909900665 0.6071145629882813
