0 0.4060245007276535 0.29495660960674286 0.08548972010612488 0.11983194947242737 0.9910701751708985
0 0.28950779885053635 0.30071352422237396 0.10021801292896271 0.15153831243515015 0.9814421844482422
0 0.3462007474154234 0.27415699511766434 0.05407663807272911 0.09597425162792206 0.9799041748046875
0 0.8482965603470802 0.7764147371053696 0.18515892326831818 0.25525280833244324 0.9759410858154297
0 0.06338597368448973 0.30852825567126274 0.01910397969186306 0.029637597501277924 0.8468447875976562
1 0.27288402151316404 0.2660616021603346 0.021653732284903526 0.024608131498098373 0.9722911071777344
1 0.3084856607019901 0.265986162237823 0.02278483659029007 0.022756731137633324 0.7937495422363281
1 0.3557256581261754 0.25400071684271097 0.013079071417450905 0.017418699339032173 0.7836250305175781
1 0.8126823380589485 0.7197901923209429 0.03768374025821686 0.042181793600320816 0.6781674957275391
1 0.4201753376983106 0.26610859483480453 0.01140050869435072 0.018727704882621765 0.6498458099365234
5 0.2940210560336709 0.3312569987028837 0.020861180499196053 0.009785857051610947 0.7984053802490234
4 0.7678067684173584 0.8463044241070747 0.014754295349121094 0.07951869070529938 0.7677534484863281
4 0.7829966824501753 0.8679314889013767 0.018887456506490707 0.06977833062410355 0.6547565460205078
