0 0.6643451005220413 0.5242419391870499 0.14602509140968323 0.19354084134101868 0.9812236785888672
0 0.3593982346355915 0.2874629646539688 0.07572183758020401 0.10216113924980164 0.9761875152587891
0 0.23382094129920006 0.27811190485954285 0.08902295678853989 0.13037517666816711 0.9648600006103516
0 0.30040545016527176 0.2900641933083534 0.055000558495521545 0.09033448994159698 0.9537895965576172
0 0.06354059185832739 0.3086577458307147 0.01894180290400982 0.028322121128439903 0.7451239776611328
1 0.21928976941853762 0.24816739559173584 0.017567316070199013 0.02054595947265625 0.9358747100830078
1 0.2503306418657303 0.2493686592206359 0.02035355567932129 0.019525034353137016 0.8910458374023438
1 0.3710268000140786 0.2615919467061758 0.011068375781178474 0.015059124678373337 0.8723909759521484
1 0.3430542885325849 0.2608156716451049 0.008463668636977673 0.014280898496508598 0.7353524780273437
1 0.29184538312256336 0.2695968458428979 0.012335840612649918 0.018447281792759895 0.616797103881836
