0 0.4992474466562271 0.34278227388858795 0.10604384541511536 0.14397606253623962 0.9874958038330078
0 0.39375606924295425 0.4047773778438568 0.13144369423389435 0.20587265491485596 0.9700057220458984
0 0.40725164487957954 0.2821604199707508 0.0907054916024208 0.11738929897546768 0.9688996124267578
0 0.06501505617052317 0.3093643505126238 0.017104843631386757 0.026664678007364273 0.8093869018554688
1 0.3731887359172106 0.35975720919668674 0.03054911270737648 0.036299217492341995 0.9551719665527344
1 0.514548571780324 0.3088719304651022 0.011090818792581558 0.02187652513384819 0.9088275909423829
1 0.41967326402664185 0.3601297363638878 0.032265663146972656 0.03155378997325897 0.8207324981689453
1 0.39241091813892126 0.26263316068798304 0.01743885688483715 0.01999661512672901 0.7947946929931641
4 0.4513711016625166 0.4713420644402504 0.01621430739760399 0.06643815338611603 0.7066797637939453
4 0.4416020312346518 0.4898265050724149 0.011065800674259663 0.024104366078972816 0.6860481262207031
