0 0.3630487471818924 0.2872193679213524 0.07745310664176941 0.10495845973491669 0.9872589874267578
0 0.6839671209454536 0.546484686434269 0.15063203871250153 0.1980539709329605 0.979793930053711
0 0.23951318487524986 0.28072255104780197 0.08885248750448227 0.13222922384738922 0.9619580841064453
0 0.3048549573868513 0.2869085855782032 0.0547441802918911 0.09222672134637833 0.948523178100586
0 0.06371550355106592 0.30871064029634 0.018805639818310738 0.03062964603304863 0.7231484222412109
1 0.25595984794199467 0.2504680650308728 0.017160464078187943 0.018964329734444618 0.9208289337158203
1 0.22541789337992668 0.24898380134254694 0.017523638904094696 0.021234216168522835 0.8933769989013672
1 0.2950588664971292 0.266901679802686 0.01492039393633604 0.01414515171200037 0.7446287536621093
1 0.3760553044266999 0.26113718282431364 0.01305974368005991 0.01683877967298031 0.7353217315673828
4 0.2071097046136856 0.32880146242678165 0.012544631958007812 0.03363658860325813 0.6920899200439453
