0 0.5920122265815735 0.9077346324920654 0.21529477834701538 0.18091046810150146 0.9917282104492188
0 0.5881447270512581 0.44011690467596054 0.1307528167963028 0.1724948137998581 0.9848916625976563
0 0.3418392799794674 0.28931545093655586 0.07235466688871384 0.0948382094502449 0.9792066955566406
0 0.20846184343099594 0.27825285121798515 0.08011360466480255 0.11909090727567673 0.9729841613769531
0 0.2838015928864479 0.2983204200863838 0.05688072741031647 0.07981838285923004 0.9558673858642578
0 0.0634020995348692 0.3088757824152708 0.019662979990243912 0.030621733516454697 0.604171142578125
1 0.556926179677248 0.8963378593325615 0.055263616144657135 0.06588445603847504 0.9519026947021484
1 0.3391749085858464 0.2573085343465209 0.014712238684296608 0.026696665212512016 0.8115989685058593
1 0.35305260634049773 0.26539325015619397 0.0105654401704669 0.014208362437784672 0.7987724304199219
1 0.19522228371351957 0.249671446159482 0.016211828216910362 0.017613474279642105 0.7163220977783203
1 0.6287047937512398 0.901083393022418 0.04508806765079498 0.04468926414847374 0.6620203399658203
1 0.5663811210542917 0.399252712726593 0.02392559126019478 0.027575373649597168 0.6053454971313477
4 0.5387553218752146 0.4924657270312309 0.02213125303387642 0.06578312814235687 0.6408872985839844
4 0.17773612262681127 0.3246425064280629 0.012932904995977879 0.02463650144636631 0.5716793060302734
