0 0.4401390291750431 0.3084081709384918 0.09199769049882889 0.13008612394332886 0.991343994140625
0 0.9341758340597153 0.9267149642109871 0.13122126460075378 0.14454306662082672 0.9759236907958985
0 0.32827290147542953 0.3321581557393074 0.11151866614818573 0.16957058012485504 0.9757373046875
0 0.37317122146487236 0.27599141746759415 0.06635989993810654 0.10861130058765411 0.9731402587890625
0 0.06366165913641453 0.3091091737151146 0.019011329859495163 0.028874799609184265 0.6303984069824219
1 0.3108862303197384 0.29341494385153055 0.023158900439739227 0.028193043544888496 0.9784004974365235
1 0.3496697945520282 0.294631059281528 0.024758657440543175 0.024519970640540123 0.9233267211914062
1 0.35013202019035816 0.28357757441699505 0.025919023901224136 0.025405969470739365 0.8477091979980469
1 0.4551017642952502 0.2788197575137019 0.011264991946518421 0.018690263852477074 0.7968070220947265
1 0.9397539421916008 0.9459096360951662 0.05156014859676361 0.050019893795251846 0.610786361694336
4 0.37538432283326983 0.39640624448657036 0.013640626333653927 0.03664412349462509 0.7974650573730468
4 0.47754355473443866 0.3629262372851372 0.015446408651769161 0.02020452916622162 0.5779004669189454
