0 0.6209734678268433 0.47332441061735153 0.1370687484741211 0.18002955615520477 0.9769094848632812
0 0.34968413412570953 0.2875697873532772 0.07441899180412292 0.0995582565665245 0.9728515625
0 0.2189287357032299 0.27652499452233315 0.08428656309843063 0.12414587289094925 0.9613913726806641
0 0.6151303201913834 0.9654964543879032 0.16152146458625793 0.06899578124284744 0.9369325256347656
0 0.2915108725428581 0.2959083281457424 0.05830477178096771 0.0836450383067131 0.9177906036376953
0 0.06339999474585056 0.3089945213869214 0.01926225796341896 0.030378976836800575 0.7351612091064453
1 0.2058977405540645 0.24685781449079514 0.014729245565831661 0.019211098551750183 0.9127333068847656
1 0.23466766066849232 0.24791917111724615 0.017605368047952652 0.01885226182639599 0.9021958923339843
1 0.3598827598616481 0.2623649169690907 0.010774707421660423 0.014116273261606693 0.7453834533691406
1 0.5974111082032323 0.42820471432060003 0.028080368414521217 0.029302893206477165 0.7382833862304687
1 0.34665505308657885 0.2536684703081846 0.014362717047333717 0.01927575096487999 0.6774990081787109
1 0.28272931976243854 0.27630167454481125 0.013087972067296505 0.016399666666984558 0.6291840744018554
