0 0.6297962293028831 0.48271337151527405 0.13892905414104462 0.18327701091766357 0.9842787170410157
0 0.35168279334902763 0.2873765714466572 0.07454665750265121 0.1005275622010231 0.9659364318847656
0 0.22279072552919388 0.27671369165182114 0.08748389780521393 0.12497051060199738 0.9507610321044921
0 0.29318514838814735 0.2944648563861847 0.05496753007173538 0.08564811944961548 0.9320539855957031
0 0.06347178388386965 0.30899128783494234 0.01922460086643696 0.030203530564904213 0.6756554412841796
1 0.20820401050150394 0.24702868424355984 0.016184616833925247 0.019804608076810837 0.9401103210449219
1 0.2377811037003994 0.24860847741365433 0.018208615481853485 0.018033966422080994 0.9186796569824218
1 0.36352597875520587 0.26269522309303284 0.014308198355138302 0.01612037420272827 0.7817522430419922
1 0.6046384768560529 0.43653880804777145 0.027617136016488075 0.032651349902153015 0.6756404876708985
4 0.5693087698891759 0.5361412428319454 0.010926628485321999 0.06869416683912277 0.7370864868164062
