0 0.4487493596971035 0.3123703673481941 0.0927223488688469 0.13116209208965302 0.9891840362548828
0 0.37784798443317413 0.2792443409562111 0.07287266850471497 0.1148834377527237 0.9725070190429688
0 0.33715449273586273 0.339467391371727 0.11401799321174622 0.1725604236125946 0.9631662750244141
0 0.0640772171318531 0.30914130713790655 0.01905573159456253 0.027234254404902458 0.8625563049316406
0 0.9572457708418369 0.9564285427331924 0.08550847321748734 0.08703234791755676 0.734439468383789
1 0.3201296590268612 0.30104947090148926 0.023149840533733368 0.028815150260925293 0.9319677734375
1 0.3585042040795088 0.3001045621931553 0.025962289422750473 0.029571957886219025 0.8205413818359375
1 0.4643295011483133 0.28226999193429947 0.012056033127009869 0.019729331135749817 0.7596147918701172
1 0.38917741598561406 0.2525078300386667 0.014937528409063816 0.02026279643177986 0.6848264312744141
1 0.4321108562871814 0.282249404117465 0.016715845093131065 0.019291546195745468 0.6023018264770508
