0 0.38985448330640793 0.2908826619386673 0.08506892621517181 0.11481642723083496 0.9898749542236328
0 0.2699773497879505 0.28972993791103363 0.09452811628580093 0.1449672281742096 0.97950439453125
0 0.3314432855695486 0.2770785763859749 0.05238647386431694 0.09473930299282074 0.9760772705078125
0 0.7858464643359184 0.6844126805663109 0.17088685929775238 0.23381607234477997 0.9733272552490234
0 0.06439710967242718 0.3076161565259099 0.01834183558821678 0.029413605108857155 0.7367631530761719
1 0.25525876972824335 0.2565337046980858 0.018783124163746834 0.023124411702156067 0.954046630859375
1 0.28874929528683424 0.25552625581622124 0.019126033410429955 0.023267053067684174 0.8761676788330078
1 0.40415952214971185 0.2620194489136338 0.012803268618881702 0.019641565158963203 0.6630081176757813
4 0.8632253804244101 0.7679989654570818 0.014411290176212788 0.047301117330789566 0.7682365417480469
4 0.42261598305776715 0.33916547056287527 0.012560144998133183 0.01634739153087139 0.5678158950805664
