0 0.3570175878703594 0.28765425086021423 0.07648029178380966 0.10140800476074219 0.9833686065673828
0 0.6554111614823341 0.5138799324631691 0.1440785676240921 0.1921420842409134 0.976799545288086
0 0.2981838770210743 0.29132161289453506 0.05582485347986221 0.08802448213100433 0.9628910064697266
0 0.2307816557586193 0.2776306942105293 0.08769910782575607 0.12879900634288788 0.9582318878173828
0 0.06410322524607182 0.3088563494384289 0.02073269709944725 0.029429994523525238 0.7940934753417969
1 0.24693908356130123 0.24847497325390577 0.01842207834124565 0.019689714536070824 0.9114103698730469
1 0.216087999753654 0.24804758932441473 0.018218373879790306 0.020032105967402458 0.8889404296875
1 0.3697699289768934 0.26205805875360966 0.014482911676168442 0.016429025679826736 0.831393814086914
1 0.35603445349261165 0.24759925343096256 0.012435308657586575 0.019845355302095413 0.6148368072509766
4 0.38505702605471015 0.33076009433716536 0.012570667080581188 0.01750118099153042 0.6300807571411133
