0 0.46504488214850426 0.32132142037153244 0.09932749718427658 0.1345658153295517 0.9898260498046875
0 0.3872685953974724 0.28190046921372414 0.08014754951000214 0.12198460847139359 0.9816126251220703
0 0.352897547185421 0.3541666492819786 0.1188032478094101 0.18353526294231415 0.9815797424316406
0 0.06438779085874557 0.30949877481907606 0.017637841403484344 0.028126215562224388 0.874422607421875
1 0.33410890866070986 0.3141020480543375 0.02500073052942753 0.03055046871304512 0.9760392761230469
1 0.3752904115244746 0.31664565298706293 0.024967288598418236 0.02528703399002552 0.8493040466308593
1 0.369253889657557 0.2590595316141844 0.014400990679860115 0.016784753650426865 0.825966567993164
1 0.37178285140544176 0.2496932204812765 0.011506939306855202 0.02290431782603264 0.620328254699707
1 0.4788431841880083 0.29049749206751585 0.012004915624856949 0.019735237583518028 0.6075057983398438
1 0.4449593801982701 0.2893790677189827 0.014518038369715214 0.020113006234169006 0.5702645111083985
