0 0.36991146951913834 0.2877468280494213 0.07966776192188263 0.10712148994207382 0.983019790649414
0 0.24726080149412155 0.28152990341186523 0.0912480503320694 0.13632091879844666 0.9713198852539062
0 0.31171889044344425 0.28431884944438934 0.052958328276872635 0.09370806813240051 0.943464126586914
0 0.708139680325985 0.5768884047865868 0.15425746142864227 0.20645539462566376 0.8916162872314453
0 0.06335857883095741 0.30880733020603657 0.019679181277751923 0.02954748645424843 0.7374797821044922
1 0.233437386341393 0.2509577674791217 0.017705822363495827 0.020249655470252037 0.9318973541259765
1 0.26542703341692686 0.25147892348468304 0.01994379423558712 0.01897653564810753 0.9114788818359375
1 0.3245527227409184 0.2654368616640568 0.009865538217127323 0.015717513859272003 0.9065390777587891
1 0.3822612506337464 0.25919423531740904 0.012690194882452488 0.017134686931967735 0.8515568542480468
1 0.38678435049951077 0.2588067017495632 0.01639718934893608 0.01963656395673752 0.6268941116333008
2 0.10342497378587723 0.2608419507741928 0.06863197684288025 0.14710786938667297 0.5673161315917968
