0 0.37088099122047424 0.2876192666590214 0.08036375045776367 0.10745201259851456 0.9858226013183594
0 0.24866317585110664 0.2816832736134529 0.0917711928486824 0.1367942839860916 0.9649785614013672
0 0.3128848597407341 0.2832910865545273 0.05261300504207611 0.09143388271331787 0.9575471496582031
0 0.7129107415676117 0.5827605724334717 0.15441232919692993 0.2091403603553772 0.9284342193603515
0 0.06334041524678469 0.3087425120174885 0.019190507009625435 0.028770841658115387 0.8077782440185547
1 0.266655963845551 0.2518637292087078 0.019666338339447975 0.019061647355556488 0.8946893310546875
1 0.2350483238697052 0.25068468414247036 0.01758861541748047 0.02046291157603264 0.8849305725097656
1 0.32675644755363464 0.26563080633059144 0.013751983642578125 0.015265514142811298 0.782910385131836
1 0.38356269616633654 0.2585790283046663 0.01234426535665989 0.015094305388629436 0.7557330322265625
1 0.35475098667666316 0.2597593539394438 0.010724416933953762 0.015575860626995564 0.6037213897705078
