0 0.37291300669312477 0.28824741393327713 0.07932627946138382 0.10842682421207428 0.9912903594970703
0 0.31618418730795383 0.2820376940071583 0.05179910734295845 0.09182179719209671 0.9789496612548828
0 0.7234438136219978 0.5961778089404106 0.15819372236728668 0.2116081565618515 0.9734857940673828
0 0.2514628730714321 0.2828966751694679 0.09103291481733322 0.13893072307109833 0.9540372467041016
0 0.06359477620571852 0.30780566204339266 0.019238455221056938 0.029217669740319252 0.7072826385498047
1 0.30543244490399957 0.26280856830999255 0.011287880130112171 0.014066710136830807 0.9517570495605469
1 0.26900581922382116 0.2516673607751727 0.020079104229807854 0.02008836530148983 0.8933936309814453
1 0.2378197144716978 0.25147662684321404 0.018359359353780746 0.020810388028621674 0.8731109619140625
1 0.3860819637775421 0.2604348976165056 0.012163639068603516 0.017868522554636 0.8501812744140625
1 0.32986105093732476 0.26357540022581816 0.01450271625071764 0.018360307440161705 0.762865219116211
4 0.7929072137922049 0.674921452999115 0.01579589769244194 0.04625809192657471 0.5629154586791992
