0 0.4662931114435196 0.322639524936676 0.09883072972297668 0.13486206531524658 0.9900155639648438
0 0.3550640270113945 0.3565593734383583 0.11934874951839447 0.1857253462076187 0.976167221069336
0 0.38854221627116203 0.2825158126652241 0.08119424432516098 0.12309420853853226 0.9723529815673828
0 0.06466355919837952 0.3097460148856044 0.018110215663909912 0.02816162072122097 0.9003330993652344
1 0.3358702640980482 0.3158730547875166 0.026950296014547348 0.03271162137389183 0.9666954040527344
1 0.48193339304998517 0.29136775992810726 0.012435213662683964 0.020871084183454514 0.8508261108398437
1 0.37165108509361744 0.2591400872915983 0.016928736120462418 0.017234887927770615 0.7962605285644532
1 0.37830442748963833 0.31899869069457054 0.02855224534869194 0.024565689265727997 0.763851547241211
1 0.446757382247597 0.2902188580483198 0.013218116946518421 0.022445198148489 0.7333824920654297
1 0.4001809675246477 0.2526482855901122 0.016217771917581558 0.024574024602770805 0.6631874084472656
1 0.37206978211179376 0.2499677212908864 0.013147068209946156 0.025571102276444435 0.5558564758300781
