0 0.45974067971110344 0.3191065043210983 0.09600909799337387 0.13319459557533264 0.9895178985595703
0 0.38498199358582497 0.28324635326862335 0.07923663407564163 0.12131795287132263 0.9788066864013671
0 0.34855790436267853 0.35057979077100754 0.11697337031364441 0.17999063432216644 0.9700508880615234
0 0.06448227539658546 0.30967590771615505 0.01793014258146286 0.028772961348295212 0.8597418975830078
1 0.32942403573542833 0.30996278300881386 0.027168655768036842 0.03193921595811844 0.9378883361816406
1 0.3704284466803074 0.31216008961200714 0.025567181408405304 0.025090903043746948 0.9207264709472657
1 0.367453440092504 0.257191801443696 0.014418093487620354 0.013635028153657913 0.8861482238769531
1 0.3763149161823094 0.2545673009008169 0.01524378452450037 0.011156152933835983 0.6680183410644531
1 0.4747809530235827 0.28812217246741056 0.011055183596909046 0.019566288217902184 0.6615326690673828
4 0.3051886362954974 0.4127803388983011 0.017959436401724815 0.05519669130444527 0.7185991668701172
