0 0.6086891889572144 0.46086864173412323 0.13518238067626953 0.17443153262138367 0.9886771392822266
0 0.2149699591100216 0.27741341665387154 0.0820261761546135 0.12249166518449783 0.9814160919189453
0 0.34646932780742645 0.2882936932146549 0.07455781102180481 0.09872094541788101 0.9781849670410157
0 0.6175766736268997 0.9431550316512585 0.20669177174568176 0.11236747354269028 0.9756446838378906
0 0.29107026755809784 0.29750826582312584 0.06267693638801575 0.08083569258451462 0.9570182037353515
0 0.06321365851908922 0.3093233536928892 0.020192952826619148 0.02915307506918907 0.6442557525634766
1 0.5685964990407228 0.9719360340386629 0.058488402515649796 0.05384764447808266 0.9250029754638672
1 0.6433529611676931 0.9717124365270138 0.052477072924375534 0.051652245223522186 0.9235105895996094
1 0.2304885033518076 0.2491849334910512 0.016471434384584427 0.01790412701666355 0.9031550598144531
1 0.20151345618069172 0.24843144975602627 0.015662256628274918 0.017450403422117233 0.7944206237792969
1 0.35830287728458643 0.26442038221284747 0.012858899310231209 0.014553352259099483 0.7259677886962891
4 0.1837923596613109 0.32282119803130627 0.013227208517491817 0.030361231416463852 0.7317111206054687
4 0.3728669942356646 0.32324271462857723 0.011758995242416859 0.030498307198286057 0.699347915649414
4 0.5517984190955758 0.5086753629148006 0.013295682147145271 0.0729861781001091 0.6244059371948242
