0 0.6130495816469193 0.4648026376962662 0.13644447922706604 0.17645713686943054 0.9834030151367188
0 0.34785447642207146 0.2879508174955845 0.0745452269911766 0.09859070926904678 0.9808119201660156
0 0.21609416231513023 0.2769445776939392 0.08214154094457626 0.12257304787635803 0.9769329833984375
0 0.2907725479453802 0.2967255786061287 0.05992547795176506 0.08178140223026276 0.9655213928222657
0 0.6105452924966812 0.9499693624675274 0.1777954399585724 0.09827270358800888 0.959532470703125
0 0.06314253527671099 0.30887459218502045 0.020175734534859657 0.02812686562538147 0.6859192657470703
1 0.5720999762415886 0.9767344389110804 0.05110238492488861 0.04429050162434578 0.9523491668701172
1 0.20239256601780653 0.2483589956536889 0.015998220071196556 0.018652739003300667 0.8922306060791015
1 0.23179599083960056 0.24927846901118755 0.017383385449647903 0.01683652028441429 0.8692682647705078
1 0.6477159652858973 0.9826420098543167 0.045574504882097244 0.03309360146522522 0.8057110595703125
1 0.3592981952242553 0.2637029835022986 0.011915556155145168 0.014117290265858173 0.7560205078125
1 0.3307646135799587 0.26154407672584057 0.009009107016026974 0.014239247888326645 0.6109680938720703
1 0.28074974613264203 0.27657489012926817 0.013803736306726933 0.017412086948752403 0.6020341491699219
4 0.18466549320146441 0.32032873667776585 0.013948186300694942 0.03380714729428291 0.7115376281738282
4 0.3740320880897343 0.32545471005141735 0.012002245523035526 0.02603047713637352 0.5846480178833008
