0 0.36844201385974884 0.28759968280792236 0.07988354563713074 0.10676306486129761 0.9884600830078125
0 0.2458774410188198 0.28109146654605865 0.09056171029806137 0.13484510779380798 0.9713497924804687
0 0.7030695974826813 0.5699642598628998 0.1533021330833435 0.20588016510009766 0.9524586486816407
0 0.3102570567280054 0.283974826335907 0.05358584597706795 0.09219032526016235 0.9520829772949219
0 0.06338930688798428 0.3081146162003279 0.019764665514230728 0.02999776229262352 0.7290380859375
1 0.23197364900261164 0.25031016673892736 0.016984255984425545 0.019437013193964958 0.9218609619140625
1 0.2628477020189166 0.2511613490059972 0.018461545929312706 0.01832752861082554 0.8327938842773438
1 0.3821130832657218 0.2589680962264538 0.014690844342112541 0.01705237478017807 0.7425712585449219
1 0.30009140772745013 0.26453947369009256 0.01376460399478674 0.018206702545285225 0.7349764251708985
1 0.3242730419151485 0.2658300306648016 0.012805207632482052 0.015270035713911057 0.7212408447265625
1 0.35169153613969684 0.2607333636842668 0.01028273906558752 0.014963502995669842 0.5863265991210938
