0 0.4369041472673416 0.306716226041317 0.09129813313484192 0.12926356494426727 0.9908432006835938
0 0.9278062656521797 0.9148860648274422 0.14293397963047028 0.16928495466709137 0.9859848022460938
0 0.36939970403909683 0.27465058118104935 0.06882692873477936 0.10740523040294647 0.9800946807861328
0 0.3243948332965374 0.32784033566713333 0.10921939462423325 0.16880397498607635 0.9774611663818359
0 0.06385925132781267 0.30850380659103394 0.019412891939282417 0.026419520378112793 0.841697769165039
1 0.30743468180298805 0.28969284892082214 0.02281821519136429 0.027447283267974854 0.9140032196044922
1 0.9254628904163837 0.9163212142884731 0.04425964504480362 0.049803726375103 0.8269499969482422
1 0.35314510855823755 0.24718412198126316 0.009007962420582771 0.014367986470460892 0.707002944946289
1 0.34544941410422325 0.29065711982548237 0.023094050586223602 0.024255964905023575 0.7005475616455078
1 0.45159534038975835 0.27658397424966097 0.010851510800421238 0.017698952928185463 0.6637804412841797
4 0.472963678650558 0.36132573429495096 0.014943217858672142 0.017954932525753975 0.6937600708007813
4 0.2840870679356158 0.3816685825586319 0.015455913729965687 0.05969783663749695 0.6892120361328125
