0 0.4110492505133152 0.2967335246503353 0.08610398322343826 0.12095602601766586 0.9896112823486328
0 0.8685689717531204 0.8091034144163132 0.18931427597999573 0.2628069818019867 0.9874165344238282
0 0.34975046291947365 0.27361007779836655 0.05755103379487991 0.100163534283638 0.9844569396972657
0 0.29512259364128113 0.30432505160570145 0.10190010070800781 0.1544368416070938 0.9834236145019531
0 0.3331486084498465 0.2463612612336874 0.014011223800480366 0.018436234444379807 0.6078713607788085
0 0.06357452925294638 0.3079850375652313 0.019017374143004417 0.028597712516784668 0.572438850402832
1 0.27926119323819876 0.2704803766682744 0.021067840978503227 0.02359565533697605 0.9770525360107422
1 0.4252378661185503 0.2683338150382042 0.011851374059915543 0.01903723180294037 0.8806111907958984
1 0.3358827889896929 0.25804081885144114 0.01534957904368639 0.0147480433806777 0.8643440246582031
1 0.8327994663268328 0.7496504336595535 0.04155642166733742 0.04434588551521301 0.77322998046875
1 0.31597021222114563 0.27180848829448223 0.02056407928466797 0.019850101321935654 0.76984375
4 0.7863489985466003 0.8802084028720856 0.015753746032714844 0.07653921842575073 0.7076443481445313
4 0.9552172818221152 0.9038911517709494 0.015027363784611225 0.05022085830569267 0.6847698974609375
4 0.25770612712949514 0.3590485658496618 0.016204578801989555 0.04518107697367668 0.5958508682250977
6 0.8339224616065621 0.35999371483922005 0.010821850970387459 0.07130090147256851 0.5580785369873047
