0 0.42528579011559486 0.3010604791343212 0.08987725526094437 0.12447639554738998 0.9924890899658203
0 0.910518117249012 0.8787456974387169 0.1789637953042984 0.24037425220012665 0.9917317199707031
0 0.36164673790335655 0.273370910435915 0.06140267103910446 0.10371825844049454 0.9802053833007812
0 0.31132684275507927 0.31738948076963425 0.1057179793715477 0.16021756827831268 0.9798637390136719
0 0.06353408005088568 0.30933029390871525 0.01925995759665966 0.02994449809193611 0.7821768951416016
1 0.2956645945087075 0.28042113687843084 0.021768124774098396 0.02789747528731823 0.9636289215087891
1 0.332123102620244 0.28235594369471073 0.021855894476175308 0.02120121195912361 0.866204605102539
1 0.3459097882732749 0.24850206216797233 0.010157076641917229 0.008865299634635448 0.8206243896484375
1 0.44069483457133174 0.27222517877817154 0.012412897311151028 0.018283560872077942 0.7783667755126953
5 0.3173152608796954 0.3479540254920721 0.023702939972281456 0.008720200508832932 0.8615145111083984
4 0.46066723484545946 0.3545374535024166 0.014620685949921608 0.016939036548137665 0.6803938293457031
4 0.2727669239975512 0.3704563044011593 0.014299345202744007 0.052791766822338104 0.5890404510498047
4 0.835656980983913 0.9705370869487524 0.015837987884879112 0.05808834359049797 0.582939453125
