0 0.38012659922242165 0.28993136435747147 0.08037001639604568 0.11067302525043488 0.9890598297119141
0 0.2591909430921078 0.2844289168715477 0.0939393863081932 0.1419050246477127 0.9674424743652343
0 0.3229611851274967 0.28022946789860725 0.05306494981050491 0.09419939666986465 0.9655735778808594
0 0.7503988370299339 0.6347471997141838 0.1616169661283493 0.2220200151205063 0.9266355895996093
0 0.06354549992829561 0.30748091265559196 0.020096981897950172 0.027038179337978363 0.8677815246582031
1 0.27753782644867897 0.2540060179308057 0.022135384380817413 0.021282026544213295 0.9235108184814453
1 0.2449112692847848 0.25365634355694056 0.019088299944996834 0.022010238841176033 0.8971468353271485
1 0.311679289676249 0.25928932521492243 0.012430699542164803 0.016954662278294563 0.877555923461914
1 0.3924153228290379 0.26224410627037287 0.011728540994226933 0.01820916123688221 0.7850738525390625
1 0.3371237735264003 0.2618137588724494 0.013628228567540646 0.02414107136428356 0.7199317169189453
4 0.8234385130926967 0.7137984465807676 0.015582656487822533 0.05033823475241661 0.6224399185180665
