0 0.4181932955980301 0.298184335231781 0.0905933678150177 0.12222892045974731 0.9902402496337891
0 0.8889386877417564 0.8414691984653473 0.19762878119945526 0.2750764489173889 0.9900658416748047
0 0.30113502964377403 0.30914365500211716 0.10333435982465744 0.15689922869205475 0.979875717163086
0 0.3536475654691458 0.2738376185297966 0.05954236909747124 0.10315568745136261 0.97542236328125
0 0.0638382164761424 0.3086586147546768 0.018607115373015404 0.02995792031288147 0.8041988372802734
1 0.285170235671103 0.27383020147681236 0.02126242406666279 0.026156418025493622 0.9755103302001953
1 0.33929435024037957 0.25350934034213424 0.009186458773911 0.013096476905047894 0.952761001586914
1 0.3211691100150347 0.2750839367508888 0.023480955511331558 0.02384050190448761 0.9016178131103516
1 0.43157358979806304 0.2693646540865302 0.012887637130916119 0.018601594492793083 0.769810791015625
1 0.8519241735339165 0.7822287231683731 0.04133008420467377 0.04356768727302551 0.7173529815673828
1 0.3650452811270952 0.2526949364691973 0.014347139745950699 0.018229816108942032 0.6506640625
1 0.39855043683201075 0.2688653524965048 0.010273488238453865 0.018053125590085983 0.61651123046875
4 0.9786268314346671 0.9366486761718988 0.014145342633128166 0.058900732547044754 0.7249538421630859
4 0.8041051030158997 0.9140664152801037 0.015297889709472656 0.08161672204732895 0.7003893280029296
4 0.8152392106130719 0.9270864203572273 0.02126566506922245 0.09982921183109283 0.6686888122558594
4 0.451784644741565 0.3490095781162381 0.013643392361700535 0.018664607778191566 0.6618209838867187
