0 0.3987291567027569 0.293119203299284 0.08477624505758286 0.11651327461004257 0.9907963562011719
0 0.28149454295635223 0.2953391671180725 0.09838125109672546 0.14905598759651184 0.9797830200195312
0 0.3402506336569786 0.27573060244321823 0.052502378821372986 0.09561650454998016 0.9654976654052735
0 0.8231425657868385 0.7387580573558807 0.17994244396686554 0.24559444189071655 0.963323974609375
1 0.266560266725719 0.26132151763886213 0.020429452881217003 0.02330932579934597 0.9253124237060547
1 0.4153269845992327 0.2638345193117857 0.010904375463724136 0.019170012325048447 0.8198004150390625
1 0.3007522225379944 0.26296109799295664 0.020496368408203125 0.0191663671284914 0.7233656311035156
1 0.7884917054325342 0.6823246963322163 0.03871854022145271 0.04115770012140274 0.6390119934082031
1 0.35061431117355824 0.256416505202651 0.014205042272806168 0.020013343542814255 0.6230498123168945
4 0.2453108113259077 0.3493078015744686 0.013849671930074692 0.038657717406749725 0.8054862976074219
4 0.7595141334459186 0.8247952535748482 0.0194829311221838 0.06956996023654938 0.609970817565918
4 0.43271806836128235 0.3427822361700237 0.014079093933105469 0.015378965996205807 0.5846821594238282
