0 0.3722919076681137 0.28823088109493256 0.08034846186637878 0.10792210698127747 0.9865727233886719
0 0.3142534215003252 0.2829463295638561 0.0524025596678257 0.0910591408610344 0.9681309509277344
0 0.2503809705376625 0.282461017370224 0.09172461926937103 0.13778194785118103 0.9652155303955078
0 0.7179825901985168 0.5899292826652527 0.15595149993896484 0.2111620306968689 0.9577220916748047
0 0.06373540125787258 0.3078221781179309 0.01939021423459053 0.029814204201102257 0.7098088073730469
1 0.3852217276580632 0.2598441047593951 0.012037054635584354 0.017206629738211632 0.9030485534667969
1 0.26740406174212694 0.251526964828372 0.01925339736044407 0.019909527152776718 0.8959195709228516
1 0.23655495140701532 0.25085592083632946 0.017279179766774178 0.019971635192632675 0.8615048217773438
1 0.3035851279273629 0.2637824798002839 0.0119419414550066 0.014874832704663277 0.7722953796386719
1 0.3279645759612322 0.2653668122366071 0.014088217169046402 0.014993229880928993 0.7421815490722656
4 0.6495506884530187 0.6486568972468376 0.011292839422821999 0.063596710562706 0.6412623596191406
