0 0.37548471987247467 0.2888440974056721 0.07937714457511902 0.10863155871629715 0.9900804138183594
0 0.3191940113902092 0.2806689850986004 0.05153678357601166 0.09233703464269638 0.9615290069580078
0 0.2555130496621132 0.28307557851076126 0.09309224784374237 0.14102934300899506 0.9602786254882812
0 0.7338753342628479 0.6111817136406898 0.15914630889892578 0.21677596867084503 0.9377883911132813
1 0.24053301196545362 0.2516914214938879 0.01839456520974636 0.02074248716235161 0.8837926483154297
1 0.27299599070101976 0.25277850218117237 0.020031118765473366 0.019266340881586075 0.8372193908691407
1 0.3883536159992218 0.26100128050893545 0.012060165405273438 0.017966432496905327 0.7894539642333984
1 0.3072939673438668 0.25995408557355404 0.014489682391285896 0.017521779984235764 0.7695823669433594
4 0.06425946112722158 0.3078530319035053 0.01832333765923977 0.028109826147556305 0.710621109008789
4 0.8051361958496273 0.6917074620723724 0.014603360556066036 0.04213935136795044 0.6858761596679688
6 0.8339527049101889 0.35946492478251457 0.010818799026310444 0.07108267396688461 0.5751728439331054
