0 0.36186500638723373 0.28714070469141006 0.07728748023509979 0.10450826585292816 0.9819435119628906
0 0.6788320019841194 0.5403504073619843 0.14852537214756012 0.19678997993469238 0.9678672790527344
0 0.23851291090250015 0.27977676689624786 0.08986712992191315 0.13072147965431213 0.9556759643554688
0 0.30495106242597103 0.28658831864595413 0.05334440991282463 0.09034700691699982 0.917264175415039
0 0.0635804794728756 0.3086292929947376 0.019352562725543976 0.03076157718896866 0.7124266052246093
1 0.25468213856220245 0.25033877044916153 0.016937732696533203 0.019188210368156433 0.9232946014404297
1 0.223675892688334 0.24940030835568905 0.01781538315117359 0.020232420414686203 0.803165283203125
1 0.374351819511503 0.2610693331807852 0.012818972580134869 0.016603540629148483 0.7505116271972656
1 0.3613224783912301 0.2481995290145278 0.012905152514576912 0.024596912786364555 0.6053907394409179
1 0.6499194856733084 0.49370632879436016 0.03005237504839897 0.032073523849248886 0.6028950119018555
4 0.7424488309770823 0.6117672324180603 0.01714496687054634 0.04739272594451904 0.6475504302978515
