0 0.3604132644832134 0.2870246507227421 0.07647355645895004 0.10350535064935684 0.9769441223144532
0 0.6739363074302673 0.5348293855786324 0.14789581298828125 0.19660909473896027 0.9758357238769532
0 0.23724415153265 0.2786063328385353 0.08927793800830841 0.13149408996105194 0.9324201965332031
0 0.30372307263314724 0.2874649614095688 0.05285520479083061 0.09006506204605103 0.920421371459961
0 0.06328734755516052 0.30821498949080706 0.019109070301055908 0.02912204898893833 0.7796493530273437
1 0.2538998145610094 0.24982400611042976 0.017668787389993668 0.01822648197412491 0.9025101470947265
1 0.3730879249051213 0.26138509158045053 0.011719131842255592 0.0158857274800539 0.8682508850097657
1 0.2218029359355569 0.24946993216872215 0.01813247986137867 0.020469270646572113 0.8092044067382812
1 0.359502119012177 0.2491891672834754 0.013873005285859108 0.027357695624232292 0.6357611846923829
4 0.7390094278380275 0.6054912637919188 0.013877486810088158 0.04519602283835411 0.6911050415039063
4 0.38951277546584606 0.3296595271676779 0.011664804071187973 0.019560467451810837 0.6493994903564453
