0 0.8553305566310883 0.7866744697093964 0.18658441305160522 0.25871628522872925 0.9904357147216797
0 0.40887512639164925 0.2955933175981045 0.08830700069665909 0.11895685642957687 0.9879320526123047
0 0.29055117815732956 0.30145038664340973 0.10106153786182404 0.15240329504013062 0.9818789672851562
0 0.3471662327647209 0.2736426219344139 0.05520413815975189 0.09855322539806366 0.9714485168457031
0 0.06349473260343075 0.3085042601451278 0.019077662378549576 0.02948029153048992 0.8652853393554687
1 0.27510956302285194 0.2663481580093503 0.021052725613117218 0.024176308885216713 0.9688324737548828
1 0.31002726778388023 0.26495152059942484 0.02287232130765915 0.0252219308167696 0.8508824157714844
1 0.42202026257291436 0.26647589076310396 0.011921119876205921 0.018284210935235023 0.7787732696533203
1 0.8192202802747488 0.7286126874387264 0.0409967415034771 0.04523485153913498 0.758477783203125
1 0.3581138849258423 0.25316945649683475 0.015103340148925781 0.01920338347554207 0.6129888916015624
1 0.32442397088743746 0.23376760259270668 0.005785529036074877 0.017237134277820587 0.5762224960327148
4 0.9416415016166866 0.8791878428310156 0.012162907980382442 0.0516306571662426 0.658958969116211
4 0.7745420737192035 0.85816515609622 0.01562722586095333 0.07232847064733505 0.6131766891479492
