0 0.39572373405098915 0.29311929270625114 0.08457047492265701 0.11526452749967575 0.9899110412597656
0 0.8105621188879013 0.7204642444849014 0.17574068903923035 0.24228516221046448 0.9856977844238282
0 0.2778230048716068 0.2934820428490639 0.09631258994340897 0.14862121641635895 0.9829110717773437
0 0.3371329475194216 0.2756233364343643 0.05240539088845253 0.09331542253494263 0.9728610229492187
0 0.06450168881565332 0.3086630245670676 0.017840469256043434 0.02819773368537426 0.7378124237060547
1 0.2628108700737357 0.25977836456149817 0.01962682418525219 0.022225556895136833 0.9157784271240235
1 0.7767440117895603 0.6638365499675274 0.03731931000947952 0.04279937595129013 0.6521835327148438
1 0.4095239876769483 0.26368460431694984 0.010730552487075329 0.01847279816865921 0.636350212097168
4 0.2429970782250166 0.34604501724243164 0.012789186090230942 0.042205810546875 0.6887895965576172
4 0.3115114807151258 0.3557286877185106 0.007844734005630016 0.02072298899292946 0.6799854278564453
4 0.8897892595268786 0.8091443870216608 0.014888000674545765 0.045018572360277176 0.6729489898681641
4 0.42902484349906445 0.3416030453518033 0.014210637658834457 0.01707387901842594 0.6670658874511719
