0 0.8753492161631584 0.819243997335434 0.19365094602108002 0.2692578434944153 0.9890766143798828
0 0.41378819942474365 0.29745877906680107 0.08794450759887695 0.12132056802511215 0.9890056610107422
0 0.29766685515642166 0.3058363050222397 0.10135270655155182 0.15666267275810242 0.9858280181884765
0 0.35095740482211113 0.27334384620189667 0.059267424046993256 0.09991666674613953 0.9738348388671875
0 0.06377686932682991 0.3078759228810668 0.018521077930927277 0.029479188844561577 0.7043191528320313
1 0.2817338900640607 0.27033580373972654 0.02037159539759159 0.026595136150717735 0.9695819854736328
1 0.3349799830466509 0.2528147557750344 0.010052744299173355 0.016047867015004158 0.8881429290771484
1 0.42810571612790227 0.2683711489662528 0.014267095364630222 0.02033129148185253 0.814610595703125
1 0.3169799707829952 0.2726713987067342 0.021901480853557587 0.020782584324479103 0.8127113342285156
1 0.8387897815555334 0.7607446350157261 0.04173247143626213 0.04372609406709671 0.5770045471191406
4 0.8054722947999835 0.9133034273982048 0.017391523346304893 0.0778876394033432 0.7611019134521484
4 0.7917998828925192 0.8945608474314213 0.014842350967228413 0.07294339686632156 0.7276461791992187
4 0.2601153771393001 0.3610710669308901 0.014862998388707638 0.04589453712105751 0.7012214660644531
4 0.9634403306990862 0.9129719194024801 0.01537424698472023 0.05457175895571709 0.6698972320556641
4 0.3410491803660989 0.372545269317925 0.012002022936940193 0.02062343992292881 0.6299677658081054
4 0.33277297019958496 0.3721114695072174 0.008747577667236328 0.02213233709335327 0.6212109375
4 0.37511654291301966 0.3411048734560609 0.00876668281853199 0.03124477155506611 0.5657001876831055
