0 0.8294584453105927 0.747389942407608 0.18162816762924194 0.24956852197647095 0.9893170928955078
0 0.4001534730195999 0.2938908487558365 0.08529803156852722 0.1176474392414093 0.98822021484375
0 0.2835576795041561 0.2967355102300644 0.0980759784579277 0.15087485313415527 0.9804991149902343
0 0.3411908708512783 0.27561525627970695 0.0534742996096611 0.0956653282046318 0.9691336822509765
0 0.06360146310180426 0.3087121583521366 0.019023699685931206 0.03002370148897171 0.8415253448486328
1 0.2673369450494647 0.26369977556169033 0.021017393097281456 0.02243621274828911 0.9618919372558594
1 0.3022098755463958 0.26341339386999607 0.02281974069774151 0.02284698560833931 0.8369168090820313
1 0.41448313603177667 0.26465588342398405 0.01087112445384264 0.018268218263983727 0.704327621459961
1 0.35177380684763193 0.2560341525822878 0.01567055471241474 0.01933065429329872 0.6960121154785156
5 0.2889180304482579 0.3272172287106514 0.020564937964081764 0.010684147477149963 0.912274398803711
4 0.911958213429898 0.8373929969966412 0.014125696383416653 0.05095960944890976 0.787275390625
4 0.7509616455063224 0.816693838685751 0.015324084088206291 0.07360302656888962 0.5758882141113282
4 0.434404828120023 0.3432626510038972 0.01341892872005701 0.016712980344891548 0.5622333908081054
