0 0.3870346136391163 0.2909133769571781 0.08325783163309097 0.11325765401124954 0.9907365417480469
0 0.2671622931957245 0.2877912074327469 0.0939803421497345 0.14344161748886108 0.9841770935058594
0 0.7737921848893166 0.6674738600850105 0.1677972823381424 0.23107554018497467 0.9760419464111328
0 0.32883385196328163 0.2785424552857876 0.052277691662311554 0.09414579719305038 0.9756551361083985
0 0.0642901947721839 0.308103458955884 0.018854176625609398 0.029756758362054825 0.7602954864501953
1 0.2519718902185559 0.25565496645867825 0.019397178664803505 0.02200622484087944 0.9330342102050782
1 0.2850909475237131 0.25528696831315756 0.02133016660809517 0.02332390658557415 0.914369125366211
1 0.40029478073120117 0.2625187849625945 0.012522697448730469 0.019133729860186577 0.7364500427246093
4 0.8494024234823883 0.7511231657117605 0.015366426669061184 0.04603011533617973 0.6955630493164062
4 0.4191233217716217 0.3390987804159522 0.012642383575439453 0.01595747284591198 0.6856446838378907
