0 0.457798782736063 0.31810111552476883 0.09706748276948929 0.1329794079065323 0.9897222900390625
0 0.38425587862730026 0.2810099832713604 0.07860301434993744 0.11660506576299667 0.9780767059326172
0 0.3457503207027912 0.34808169305324554 0.11646661907434464 0.1779731810092926 0.9666170501708984
0 0.06378284096717834 0.30938662961125374 0.018875427544116974 0.02938012033700943 0.7777651214599609
1 0.3270845990628004 0.30713748559355736 0.025977548211812973 0.03021036833524704 0.9690756988525391
1 0.36595056438818574 0.25547537580132484 0.012315590865910053 0.014491356909275055 0.9179036712646484
1 0.3681149147450924 0.30846338625997305 0.027599208056926727 0.025839967653155327 0.8806971740722657
1 0.472407718654722 0.2866200553253293 0.01179997157305479 0.020786652341485023 0.7569218444824218
1 0.36590359220281243 0.2485168306156993 0.011137199588119984 0.020899539813399315 0.7531212615966797
1 0.4388799052685499 0.2870741421356797 0.013703282922506332 0.020164715126156807 0.6518203735351562
7 0.3659951249137521 0.2551358169876039 0.011847050860524178 0.012393499724566936 0.8727816009521484
4 0.30394239258021116 0.40792455337941647 0.01736482046544552 0.058275800198316574 0.6790922546386718
