0 0.3943786844611168 0.29216840490698814 0.08477948606014252 0.11461000889539719 0.9898552703857422
0 0.27529672905802727 0.2918861508369446 0.09677185863256454 0.14716151356697083 0.9759111022949218
0 0.3355499114841223 0.2759932726621628 0.05268208310008049 0.09427747130393982 0.970544204711914
0 0.8035543188452721 0.7110909596085548 0.17372004687786102 0.23957045376300812 0.962962646484375
0 0.06349629815667868 0.3077372759580612 0.019072195515036583 0.029951900243759155 0.7936996459960938
1 0.26056883577257395 0.25848138332366943 0.019461648538708687 0.022466391324996948 0.9589826202392578
1 0.29503557458519936 0.2606995850801468 0.019314415752887726 0.01859012246131897 0.7125469207763672
1 0.4095653952099383 0.26306824665516615 0.011046123690903187 0.019399797543883324 0.7027872467041015
4 0.42751798033714294 0.340689011849463 0.01265859603881836 0.01639796979725361 0.6361152648925781
6 0.8339302381500602 0.3597703352570534 0.010832278057932854 0.07172532379627228 0.6053727340698242
