0 0.4348752498626709 0.3061816468834877 0.09012937545776367 0.1283162385225296 0.9898473358154297
0 0.9247975200414658 0.9078427255153656 0.148832768201828 0.1842978596687317 0.9866210174560547
0 0.32208627462387085 0.3255850300192833 0.10878896713256836 0.16673262417316437 0.9809223937988282
0 0.36771318316459656 0.2748900167644024 0.06692790985107422 0.10825195163488388 0.9793572235107422
0 0.063864815980196 0.3090190766379237 0.01883227378129959 0.02848968468606472 0.783133544921875
1 0.3054113546386361 0.28803055454045534 0.02224639244377613 0.02511087991297245 0.8991030120849609
1 0.44913548650220037 0.27522461116313934 0.011779912747442722 0.018945962190628052 0.705970230102539
1 0.9174895286560059 0.9028981290757656 0.04496288299560547 0.04790186136960983 0.6228814697265626
4 0.28251486038789153 0.3809388317167759 0.015284220688045025 0.054693348705768585 0.7122825622558594
4 0.4709073859266937 0.3605700023472309 0.01553379651159048 0.01776764541864395 0.6377647018432617
4 0.3604617100208998 0.39571630861610174 0.009115155786275864 0.02426367811858654 0.6296154403686524
4 0.36937406240031123 0.39383453596383333 0.01213108655065298 0.025232980027794838 0.6210747528076171
