0 0.9007782489061356 0.8618664890527725 0.1972985565662384 0.27334657311439514 0.9901048278808594
0 0.42017045989632607 0.2992454282939434 0.08775479346513748 0.12217774242162704 0.9884970092773437
0 0.3055135942995548 0.3123721480369568 0.10488975793123245 0.15705913305282593 0.9848815155029297
0 0.3569478429853916 0.27436423674225807 0.06060946732759476 0.10328055173158646 0.9828290557861328
0 0.06375432200729847 0.3089502779766917 0.018749285489320755 0.030765419825911522 0.8095333862304688
1 0.28944631200283766 0.27621767297387123 0.020665263757109642 0.02520901709794998 0.9675644683837891
1 0.34296640334650874 0.25281277019530535 0.013387075625360012 0.012747729197144508 0.941597671508789
1 0.3258519824594259 0.27542192209511995 0.023421477526426315 0.02629781700670719 0.9237919616699218
1 0.36890745954588056 0.2529006749391556 0.011633173562586308 0.015851140022277832 0.7626173400878906
1 0.43573450623080134 0.27084366511553526 0.0123017942532897 0.017919978126883507 0.7190746307373047
1 0.8665810786187649 0.8032790962606668 0.04595743864774704 0.04657112434506416 0.660102310180664
4 0.267148379702121 0.3638348877429962 0.014754661358892918 0.05279320478439331 0.8346907043457031
4 0.8169350940734148 0.93843624740839 0.01542002335190773 0.07962663471698761 0.6898947906494141
4 0.380973132327199 0.3423165399581194 0.00827747955918312 0.03367883339524269 0.6138523864746094
4 0.35106558399274945 0.370315495878458 0.012341276742517948 0.04014355689287186 0.6092734909057618
