0 0.43082933872938156 0.30384866148233414 0.09058313071727753 0.1266324669122696 0.9918173980712891
0 0.9191837757825851 0.8956223353743553 0.1612440049648285 0.20751969516277313 0.9880831909179687
0 0.3655252270400524 0.2739548534154892 0.06442292779684067 0.10648748278617859 0.9793927001953125
0 0.31769171729683876 0.32186470925807953 0.10793722420930862 0.164232075214386 0.9777623748779297
0 0.06342810112982988 0.30869488790631294 0.019304657354950905 0.028385557234287262 0.8176448059082031
1 0.30058767553418875 0.2849995708093047 0.02359364740550518 0.02622036449611187 0.9453889465332032
1 0.9048273842781782 0.8780261613428593 0.04033559188246727 0.04575116187334061 0.7951659393310547
1 0.34946647472679615 0.24470517877489328 0.011365476995706558 0.0173810888081789 0.734124526977539
1 0.33832687698304653 0.2865440007299185 0.02391023561358452 0.022215496748685837 0.6664932250976563
1 0.4456588150933385 0.2733911694958806 0.01116170920431614 0.018571699038147926 0.647889633178711
4 0.46672031469643116 0.3593416069634259 0.014783445745706558 0.014098555780947208 0.8681298065185546
4 0.27837819047272205 0.37711419351398945 0.01499897614121437 0.053993675857782364 0.6668447113037109
