0 0.45734408497810364 0.3452106639742851 0.10986089706420898 0.16819028556346893 0.9910574340820313
0 0.6185074225068092 0.431765154004097 0.134512260556221 0.17610976099967957 0.9906828308105469
0 0.25183138996362686 0.3281692052260041 0.04065610468387604 0.020088987424969673 0.9560985565185547
0 0.5432398170232773 0.6761753410100937 0.18747767806053162 0.29204389452934265 0.9402814483642579
0 0.064322829246521 0.30897147208452225 0.01788330078125 0.028436675667762756 0.7639903259277344
1 0.510068990290165 0.6164579167962074 0.043496862053871155 0.05579240620136261 0.9472333526611328
1 0.5726008135825396 0.6167284250259399 0.044075075536966324 0.042978525161743164 0.9262215423583985
1 0.4399024387821555 0.3104884773492813 0.02085348777472973 0.025117605924606323 0.8355008697509766
1 0.6352004408836365 0.3903720071539283 0.013602256774902344 0.026677308604121208 0.7164205169677734
1 0.5933161415159702 0.39179606083780527 0.026525624096393585 0.02531673200428486 0.7160321807861328
4 0.4751721918582916 0.7823452465236187 0.028603553771972656 0.08099105209112167 0.78738525390625
