0 0.4759051911532879 0.3853842541575432 0.12069787830114365 0.187300905585289 0.9914354705810546
0 0.608379565179348 0.8587426692247391 0.22139380872249603 0.278704434633255 0.9827053070068359
0 0.6911650449037552 0.49948296695947647 0.1466764509677887 0.19378025829792023 0.976528549194336
0 0.26675112918019295 0.31871738471090794 0.06031215935945511 0.0437542088329792 0.9333552551269532
0 0.06399740185588598 0.30792822502553463 0.018177708610892296 0.02950320765376091 0.9275840759277344
0 0.14804361388087273 0.3324237344786525 0.036533139646053314 0.017174219712615013 0.7246247863769532
1 0.5684614107012749 0.8275585360825062 0.05205701291561127 0.06808511167764664 0.9565153503417969
1 0.6437065210193396 0.8289292138069868 0.05248324200510979 0.04923146590590477 0.9144876861572265
1 0.45650086645036936 0.3419241961091757 0.025856273248791695 0.035217057913541794 0.8854472351074218
1 0.7089924258179963 0.45336469635367393 0.015423902310431004 0.03221201151609421 0.8219640350341797
1 0.664066867902875 0.45633549988269806 0.03341439738869667 0.03257372975349426 0.785408706665039
1 0.4952966785058379 0.3364479821175337 0.022393925115466118 0.038411375135183334 0.6375688171386719
4 0.4312676368281245 0.4507325552403927 0.016053294762969017 0.05699389427900314 0.6882868957519531
