0 0.4743695333600044 0.38319211453199387 0.11980076134204865 0.18507586419582367 0.9925621032714844
0 0.685481421649456 0.4948718547821045 0.14494214951992035 0.1949249505996704 0.9907071685791016
0 0.6054256185889244 0.8544048368930817 0.22058556973934174 0.2883637547492981 0.9786767578125
0 0.26605329662561417 0.3190924860537052 0.06082700192928314 0.04243726283311844 0.9078913879394531
0 0.06410320848226547 0.3084138846024871 0.01836366206407547 0.028731508180499077 0.8908899688720703
1 0.565091785043478 0.8124398402869701 0.05361925810575485 0.06732245534658432 0.9395748138427734
1 0.6406588517129421 0.8149260468780994 0.053033702075481415 0.04795006662607193 0.9259664154052735
1 0.45600275602191687 0.3425902780145407 0.025289980694651604 0.0322236530482769 0.9049844360351562
1 0.494043318554759 0.3330075442790985 0.02350514754652977 0.04022759199142456 0.6153949356079101
1 0.7002386292442679 0.44932236801832914 0.024801699444651604 0.028857817873358727 0.6041313552856445
4 0.430412539280951 0.4466393366456032 0.0157406497746706 0.05815042555332184 0.674308853149414
