0 0.4471498541533947 0.3287139907479286 0.10318072885274887 0.15957392752170563 0.9933051300048829
0 0.5850830599665642 0.40100716799497604 0.12684045732021332 0.16651301085948944 0.992728271484375
0 0.502531960606575 0.580995962023735 0.17093321681022644 0.2672366797924042 0.9730955505371094
0 0.0643660519272089 0.30967501644045115 0.01814771071076393 0.028786497190594673 0.8692980194091797
1 0.4733815621584654 0.525613434612751 0.038311924785375595 0.04703165590763092 0.9554740142822266
1 0.5298522431403399 0.5286286622285843 0.03979784622788429 0.031394392251968384 0.9384040832519531
1 0.43058296479284763 0.28809121809899807 0.020659256726503372 0.033195268362760544 0.9296759796142579
1 0.601361958310008 0.3616602160036564 0.015184339135885239 0.02604825049638748 0.9189686584472656
1 0.5590013545006514 0.3606849145144224 0.020134862512350082 0.022320952266454697 0.7045263671875
1 0.6129907565191388 0.3608249155804515 0.01781241036951542 0.028109854087233543 0.6556717681884766
4 0.4085289975628257 0.3813850749284029 0.012173144146800041 0.05506614223122597 0.7447552490234375
