0 0.5138095617294312 0.35149557143449783 0.1094813346862793 0.14870686829090118 0.9884761810302735
0 0.41579774767160416 0.2821700982749462 0.09231545031070709 0.11174487322568893 0.9706951141357422
0 0.4129597693681717 0.43006499111652374 0.13637253642082214 0.21135810017585754 0.9607112121582031
0 0.06425291113555431 0.3094648104161024 0.01809866353869438 0.026226099580526352 0.7844831085205078
1 0.38969577476382256 0.3821515031158924 0.03256502002477646 0.0386340394616127 0.9617587280273437
1 0.5304067176766694 0.31781389471143484 0.011215814389288425 0.021189851686358452 0.9549616241455078
1 0.5413960060104728 0.3154033636674285 0.013533083721995354 0.02299855463206768 0.7281879425048828
1 0.40026627760380507 0.2600483549758792 0.019054030999541283 0.026681264862418175 0.7167755126953125
1 0.43753742799162865 0.38685484882444143 0.029281489551067352 0.02514461986720562 0.6947896575927734
1 0.4922385411337018 0.31695976480841637 0.016134897246956825 0.021669261157512665 0.6473806762695312
1 0.4109294041991234 0.37532515823841095 0.06591825187206268 0.04711148142814636 0.6215510559082031
3 0.5101867560297251 0.31704491935670376 0.02104168012738228 0.018983911722898483 0.747394790649414
4 0.3539418778382242 0.5003167595714331 0.008196513168513775 0.0599772147834301 0.6185587692260742
4 0.36300040129572153 0.49929456785321236 0.02146555669605732 0.07263503223657608 0.5871025466918945
