0 0.5126184374094009 0.5248266458511353 0.14612111449241638 0.2318311333656311 0.9937468719482422
0 0.8465673178434372 0.6912981793284416 0.17919692397117615 0.24528096616268158 0.9909197998046875
0 0.16631487756967545 0.3129519000649452 0.05862616002559662 0.058122649788856506 0.9836612701416015
0 0.2966420538723469 0.3032962270081043 0.06565014272928238 0.0702376738190651 0.9796694183349609
0 0.06342587806284428 0.30912976060062647 0.018858779221773148 0.028507204726338387 0.8745670318603516
1 0.8697655759751797 0.634960288181901 0.03192126005887985 0.03904198482632637 0.9139840698242188
1 0.48935357946902514 0.4736505597829819 0.029706383123993874 0.04362484812736511 0.8995918273925781
1 0.536466701887548 0.4639728832989931 0.03000303916633129 0.04844221845269203 0.8639898681640625
4 0.5716445604339242 0.6127045303583145 0.017205746844410896 0.04680362343788147 0.7987751770019531
4 0.4599461769685149 0.6114675439894199 0.019408924505114555 0.06061757355928421 0.772325668334961
4 0.7705248277634382 0.7672987766563892 0.01132863387465477 0.06043282896280289 0.5838232040405273
