0 0.43746981397271156 0.3152538761496544 0.09986836463212967 0.15167655050754547 0.9932669067382812
0 0.558415126055479 0.3801473528146744 0.12226518243551254 0.15877792239189148 0.991859130859375
0 0.46870389580726624 0.518451489508152 0.15812253952026367 0.24341274797916412 0.9889554595947265
0 0.06452134530991316 0.30964975245296955 0.018093248829245567 0.027697358280420303 0.8884140014648437
1 0.4409061949700117 0.46627480164170265 0.036935266107320786 0.04272664338350296 0.9346497344970703
1 0.5739562907256186 0.3422574205324054 0.01416142750531435 0.024488350376486778 0.9219225311279297
1 0.4945488218218088 0.4671315364539623 0.03687887266278267 0.03643973916769028 0.8597932434082032
1 0.5357919614762068 0.34280148334801197 0.01841014251112938 0.02205706015229225 0.6757962036132813
1 0.4211124302819371 0.2801066990941763 0.02083721198141575 0.027941357344388962 0.6622389221191406
1 0.5849035661667585 0.34078362956643105 0.017254766076803207 0.027222640812397003 0.6363626098632813
4 0.41043545212596655 0.5968369655311108 0.024811236187815666 0.08680685609579086 0.8338909149169922
4 0.5329168317839503 0.5994288846850395 0.019841765984892845 0.07028339803218842 0.7598814392089843
8 0.10927072633057833 0.4655856713652611 0.027581119909882545 0.16934995353221893 0.6328919982910156
