0 0.47012368589639664 0.37213026732206345 0.11752058565616608 0.18032805621623993 0.9933868408203125
0 0.6687186881899834 0.4781912565231323 0.1445826143026352 0.19054371118545532 0.9865241241455078
0 0.590333566069603 0.8275424838066101 0.20982065796852112 0.3350546360015869 0.9758580780029297
0 0.2622338589280844 0.32001329585909843 0.05983157083392143 0.03682120889425278 0.9180544281005859
0 0.0643422557041049 0.3083225693553686 0.017497090622782707 0.028578978031873703 0.8775029754638672
1 0.5532566513866186 0.7583046182990074 0.05122677609324455 0.06292645633220673 0.9509253692626953
1 0.6257379483431578 0.7597983479499817 0.05092379078269005 0.04884994029998779 0.8891157531738281
1 0.45220164489001036 0.3327972209081054 0.023465951904654503 0.02976749651134014 0.8604372406005859
1 0.48896424984559417 0.3336474681273103 0.015463988296687603 0.018415408208966255 0.7855235290527344
1 0.6875532665289938 0.43284898437559605 0.014308293350040913 0.02969818189740181 0.7565027618408203
1 0.6429115366190672 0.43197523429989815 0.03272482380270958 0.0334765687584877 0.6181404113769531
4 0.5152390003204346 0.9418054632842541 0.030434131622314453 0.1081136092543602 0.7840753173828126
4 0.4269209625199437 0.4403222370892763 0.015436554327607155 0.04540136829018593 0.6195766448974609
