0 0.530906405299902 0.36082474887371063 0.11436020582914352 0.15220525860786438 0.985462417602539
0 0.42420777678489685 0.3014678806066513 0.09535789489746094 0.14245080947875977 0.9811478424072265
0 0.4319855645298958 0.4571172073483467 0.1432836800813675 0.22697527706623077 0.9761518859863281
0 0.06445981841534376 0.3088431293144822 0.017437485978007317 0.027595745399594307 0.8084217834472657
1 0.40781815722584724 0.40691203251481056 0.03361330181360245 0.04020620137453079 0.964713134765625
1 0.4086398584768176 0.268353134393692 0.019805273041129112 0.024721980094909668 0.9282416534423829
1 0.45810397155582905 0.41059213411062956 0.03437713161110878 0.027401676401495934 0.911610107421875
1 0.5462956745177507 0.325924813747406 0.013053003698587418 0.022724688053131104 0.8372767639160156
4 0.37121134996414185 0.5300171487033367 0.010838031768798828 0.06947722285985947 0.6965028381347657
4 0.38140545319765806 0.5312309041619301 0.020327409729361534 0.07738907635211945 0.6870133972167969
