0 0.4898606613278389 0.43403952568769455 0.13017578423023224 0.2030385583639145 0.9921482849121094
0 0.7563348785042763 0.5683786049485207 0.1596711426973343 0.2146860510110855 0.9909622955322266
0 0.27907466143369675 0.310429347679019 0.06334711611270905 0.05666032060980797 0.9574760437011719
0 0.1578002031892538 0.32083531841635704 0.05542294308543205 0.03326647728681564 0.9173993682861328
0 0.6438801363110542 0.9643448404967785 0.16924692690372467 0.07022591680288315 0.8347970581054688
0 0.06410544831305742 0.308033368550241 0.017905155196785927 0.028840525075793266 0.8040098571777343
1 0.7770919958129525 0.5187940578907728 0.02217915840446949 0.033357974141836166 0.8621873474121093
1 0.46949879731982946 0.3890775330364704 0.027089087292551994 0.04028359800577164 0.8580626678466797
1 0.5112699111923575 0.3811542745679617 0.02097412757575512 0.04126937314867973 0.8520277404785156
1 0.7251370307058096 0.514638970606029 0.02862853929400444 0.026346107944846153 0.6729682922363281
