0 0.5404228195548058 0.36862045526504517 0.11690829694271088 0.15504735708236694 0.9900698089599609
0 0.4294799380004406 0.30706696957349777 0.09640678018331528 0.1482822448015213 0.9884554290771485
0 0.4456516355276108 0.47895582765340805 0.14772328734397888 0.23491965234279633 0.9856941223144531
0 0.06392826698720455 0.30889685451984406 0.018656481057405472 0.028077274560928345 0.8675731658935547
1 0.4203640427440405 0.42865823954343796 0.035260360687971115 0.0431319922208786 0.9310214996337891
1 0.556820388417691 0.33181685488671064 0.012824884615838528 0.02350551448762417 0.7685556793212891
1 0.41377526707947254 0.27138509415090084 0.02120930328965187 0.031643789261579514 0.6998931121826172
1 0.471478758379817 0.432780927978456 0.03533213958144188 0.0260781180113554 0.6327275466918946
4 0.393663271330297 0.5563068054616451 0.020826784893870354 0.08106141537427902 0.7063420104980469
4 0.49719615187495947 0.5766213033348322 0.011689631268382072 0.026917237788438797 0.6972221374511719
4 0.3829028685577214 0.552371084690094 0.010734335519373417 0.08182859420776367 0.6893690490722656
4 0.5084118898957968 0.5617431327700615 0.018674563616514206 0.06201635301113129 0.6821065521240235
