0 0.45325086265802383 0.3386405408382416 0.10787840187549591 0.16456598043441772 0.9881124877929688
0 0.6043964400887489 0.42015954852104187 0.1326133757829666 0.17114418745040894 0.9691458129882813
0 0.24820357747375965 0.3308104295283556 0.038218531757593155 0.016006413847208023 0.9476904296875
0 0.5270204991102219 0.6357998251914978 0.1802639663219452 0.28443706035614014 0.8733467102050781
0 0.06433169916272163 0.3088725237175822 0.018019311130046844 0.02894527278840542 0.8509517669677734
1 0.49519024044275284 0.5768235437572002 0.0409858375787735 0.05089857429265976 0.9413141632080078
1 0.5790763618424535 0.3795213010162115 0.022849464789032936 0.02262149378657341 0.8652841186523438
1 0.6211790204979479 0.37840947043150663 0.01537246722728014 0.028164079412817955 0.7708312225341797
1 0.4360970538109541 0.29994475841522217 0.022494252771139145 0.03278458118438721 0.7530734252929687
1 0.6290211640298367 0.3763121012598276 0.02512633055448532 0.03285180404782295 0.6252133941650391
1 0.5569158475846052 0.5806756131350994 0.041395124047994614 0.03338470309972763 0.5873958969116211
4 0.4611463490873575 0.7355338037014008 0.029568959027528763 0.08575552701950073 0.7515509796142578
