0 0.509808748960495 0.5132240280508995 0.1448727250099182 0.2277219146490097 0.9921205139160156
0 0.8367209881544113 0.6767422407865524 0.177158921957016 0.24034616351127625 0.988421630859375
0 0.1653962153941393 0.31368630938231945 0.0571768619120121 0.054407473653554916 0.9720923614501953
0 0.2946370393037796 0.3043612912297249 0.06551173329353333 0.06948502361774445 0.9470638275146485
0 0.06361675634980202 0.30873838532716036 0.018560178577899933 0.0283359382301569 0.8374787139892578
1 0.860275860875845 0.620653796941042 0.03571688383817673 0.039759375154972076 0.8926622009277344
1 0.4871057467535138 0.45992118678987026 0.03068176843225956 0.0487559549510479 0.833946533203125
1 0.5328014455735683 0.4529810920357704 0.028846614062786102 0.047505274415016174 0.8179781341552734
1 0.7995636546984315 0.6163448570296168 0.02866007573902607 0.030029749497771263 0.6564038848876953
1 0.279644338414073 0.2842736141756177 0.010319646447896957 0.018117466941475868 0.6258668899536133
4 0.7607565084472299 0.7453831508755684 0.01158192940056324 0.07075370848178864 0.798846206665039
4 0.45703169144690037 0.5961757376790047 0.01860981062054634 0.06449760496616364 0.7925548553466797
4 0.4870803076773882 0.47554978635162115 0.027266565710306168 0.021736739203333855 0.7100278472900391
4 0.5672630155459046 0.6017353869974613 0.017677562311291695 0.04406721144914627 0.5809967041015625
