0 0.4883308783173561 0.4266335219144821 0.12865222990512848 0.20081010460853577 0.9911665344238281
0 0.7466002330183983 0.5585162043571472 0.15787486732006073 0.21056687831878662 0.9909757995605468
0 0.2765198554843664 0.3120448011904955 0.06171674653887749 0.054930511862039566 0.9502925872802734
0 0.636504665017128 0.9468494206666946 0.18276265263557434 0.1048906147480011 0.9465902709960937
0 0.15743902884423733 0.321659566834569 0.05307180806994438 0.029899541288614273 0.9245789337158203
0 0.06409148592501879 0.3081881506368518 0.017939368262887 0.028357526287436485 0.8556929779052734
7 0.5068023325875401 0.36933152936398983 0.02827920950949192 0.03495989367365837 0.9049640655517578
1 0.4674839414656162 0.3849532213062048 0.027045853435993195 0.032268326729536057 0.8622647857666016
1 0.5057325782254338 0.37597033753991127 0.03071298636496067 0.03888256102800369 0.7816617584228516
1 0.7151783229783177 0.49708522763103247 0.023674393072724342 0.029850034043192863 0.7547119903564453
1 0.7190551087260246 0.5047131516039371 0.03274129331111908 0.03278119117021561 0.739601058959961
1 0.7672368921339512 0.508779488503933 0.018736012279987335 0.03431616723537445 0.7214686584472656
4 0.4403184615075588 0.5011867191642523 0.01655375212430954 0.052501481026411057 0.7073016357421875
4 0.5384536543861032 0.5038842987269163 0.01652720756828785 0.04048433527350426 0.6064999771118164
