0 0.5695539638400078 0.38852234929800034 0.12513576447963715 0.1628306359052658 0.992414321899414
0 0.44117744266986847 0.3201950713992119 0.1000661551952362 0.15544112026691437 0.9855141448974609
0 0.4832388535141945 0.5456081181764603 0.16234715282917023 0.25009414553642273 0.9788899230957031
0 0.06462029367685318 0.30909980833530426 0.017151884734630585 0.028181880712509155 0.9046971130371094
1 0.5855025527998805 0.350385420024395 0.013340568169951439 0.02524648606777191 0.9554854583740234
1 0.4553147852420807 0.49089565873146057 0.03667640686035156 0.046948015689849854 0.9428302764892578
1 0.5100101046264172 0.4957568906247616 0.03777732700109482 0.027754776179790497 0.8625173950195313
1 0.5932247955352068 0.34986419416964054 0.023518625646829605 0.028316158801317215 0.5761193084716797
4 0.42310331109911203 0.6264196820557117 0.027284877374768257 0.08735267072916031 0.6860135650634765
4 0.4036140381358564 0.37220244109630585 0.012803840450942516 0.05106517672538757 0.6762230682373047
