0 0.5258135125041008 0.358078695833683 0.11419086158275604 0.15117450058460236 0.9825443267822266
0 0.4223228543996811 0.2948024198412895 0.09551474452018738 0.13121341168880463 0.9793553924560547
0 0.42543336004018784 0.4462921991944313 0.1414087861776352 0.22289182245731354 0.97534423828125
0 0.06387290358543396 0.30863527581095695 0.018558137118816376 0.028447411954402924 0.7191392517089844
1 0.4013578034937382 0.3982895743101835 0.033390648663043976 0.04045816883444786 0.9359794616699219
1 0.540827099699527 0.32264296244829893 0.01257146243005991 0.021845301613211632 0.8588773345947266
1 0.4059662604704499 0.2684698887169361 0.018739955499768257 0.02365753799676895 0.8480587005615234
1 0.5037544686347246 0.32167842984199524 0.016731325536966324 0.020396113395690918 0.8149916839599609
1 0.4499822147190571 0.40176775865256786 0.03286466747522354 0.027763422578573227 0.8079603576660156
4 0.37534365244209766 0.5229054503142834 0.020104948431253433 0.06924941390752792 0.7270988464355469
