0 0.8523709997534752 0.6982718929648399 0.17955462634563446 0.24676434695720673 0.9931745147705078
0 0.5142467468976974 0.5304939523339272 0.1475091278553009 0.23319555819034576 0.9917296600341797
0 0.16692132502794266 0.3126561511307955 0.059077754616737366 0.05858168378472328 0.9862667083740234
0 0.2983436994254589 0.30302145704627037 0.0662626251578331 0.07034587115049362 0.9773074340820312
0 0.06365951336920261 0.3088142490014434 0.018676575273275375 0.028772933408617973 0.8795268249511718
1 0.49044982995837927 0.48490583896636963 0.029492823407053947 0.03407996892929077 0.8515184783935547
1 0.8732589641585946 0.6425532549619675 0.02957967109978199 0.04010173678398132 0.8426783752441406
1 0.5382461436092854 0.46890982054173946 0.032645322382450104 0.05056796595454216 0.8123268127441406
1 0.821008363738656 0.6399805527180433 0.04058011248707771 0.03171109780669212 0.7726888275146484
1 0.48826170340180397 0.4734611827880144 0.035210736095905304 0.045664552599191666 0.6269722747802734
4 0.46081871818751097 0.6145782843232155 0.01868041418492794 0.06447131931781769 0.701302490234375
7 0.5371748125180602 0.46750286035239697 0.03022025339305401 0.04843633994460106 0.553006477355957
