0 0.4491872005164623 0.33182359486818314 0.10394658893346786 0.16143836081027985 0.9943756866455078
0 0.5905075743794441 0.4074517711997032 0.1280977874994278 0.16959141194820404 0.9934380340576172
0 0.5108572617173195 0.5982848405838013 0.1735931783914566 0.2745025157928467 0.9878633117675781
0 0.06424269545823336 0.30862040538340807 0.01787451095879078 0.029336774721741676 0.8498977661132813
1 0.48085785284638405 0.539163526147604 0.03879273682832718 0.05084788054227829 0.9640384674072265
1 0.43216334749013186 0.294359234161675 0.022247949615120888 0.02992313541471958 0.8811016082763672
1 0.5388338044285774 0.5430300012230873 0.04104544222354889 0.035752132534980774 0.8705740356445313
1 0.6081421254202724 0.36739531718194485 0.013358687981963158 0.025496672838926315 0.6862260437011719
4 0.410833855625242 0.392694678157568 0.0113741559907794 0.039180926978588104 0.8551219940185547
4 0.44755013938993216 0.6894983984529972 0.02759621851146221 0.09241039305925369 0.7392670440673829
4 0.49040719866752625 0.3965975474566221 0.012681961059570312 0.03119286522269249 0.6556858062744141
4 0.5814470686018467 0.6925298310816288 0.02100861817598343 0.07287580519914627 0.6545531463623047
4 0.5679390351288021 0.70876429323107 0.012742741964757442 0.02888675220310688 0.5726981735229493
