0 0.451639998704195 0.3373735621571541 0.10636106878519058 0.16432048380374908 0.9907392120361328
0 0.6004847437143326 0.41553059220314026 0.13034489750862122 0.17127060890197754 0.9865579986572266
0 0.2471497803926468 0.3311022063717246 0.03715062141418457 0.01488444022834301 0.9381853485107422
0 0.5239663869142532 0.6256384700536728 0.1785702407360077 0.28487125039100647 0.9358041381835938
0 0.06532910466194153 0.30910802353173494 0.01594579964876175 0.027182290330529213 0.8839595031738281
1 0.4916577059775591 0.567366149276495 0.040988508611917496 0.05059068650007248 0.9091777038574219
1 0.43492662347853184 0.30089236982166767 0.02228860929608345 0.02940908446907997 0.8705069732666015
1 0.6178056914359331 0.37612542137503624 0.014189783483743668 0.028788022696971893 0.8685287475585938
1 0.5512937940657139 0.5724055506289005 0.04125703126192093 0.03229076415300369 0.776990737915039
1 0.5785212479531765 0.377048478461802 0.02732931822538376 0.02699276991188526 0.6654231262207031
4 0.45774458814412355 0.717647522687912 0.02762524224817753 0.0995745062828064 0.6908978271484375
4 0.4120293320156634 0.39765658415853977 0.011408043093979359 0.04114877060055733 0.665958251953125
4 0.5955447154119611 0.7238632924854755 0.022728601470589638 0.0718529000878334 0.6202276992797852
