0 0.48028698563575745 0.402711383998394 0.12261199951171875 0.19279997050762177 0.9926647186279297
0 0.7126732245087624 0.522725373506546 0.15047474205493927 0.2009003758430481 0.9863056945800781
0 0.622041255235672 0.8953941091895103 0.235562264919281 0.2091839760541916 0.9789165496826172
0 0.270015062764287 0.31598359905183315 0.06123882904648781 0.04751617833971977 0.9435731506347657
0 0.06411114521324635 0.30891175474971533 0.01838761940598488 0.028880028054118156 0.9162033843994141
0 0.1513030305504799 0.32933909446001053 0.04025532305240631 0.022844865918159485 0.8693746185302734
1 0.5797556322067976 0.9030799530446529 0.05798714980483055 0.0699496790766716 0.9673011016845703
1 0.6603589095175266 0.9016680791974068 0.0569840744137764 0.05826105177402496 0.9519720458984375
1 0.46098494715988636 0.35366348549723625 0.026552263647317886 0.04581793397665024 0.9418588256835938
1 0.7322417455725372 0.4763002321124077 0.01546656247228384 0.032653555274009705 0.8192148590087891
1 0.5014223791658878 0.35816106386482716 0.01943839341402054 0.026065770536661148 0.7581117248535156
1 0.4565021116286516 0.36207228153944016 0.0249214805662632 0.029668793082237244 0.7529936218261719
4 0.4359795111231506 0.47592126205563545 0.014591566286981106 0.046191491186618805 0.6881552886962891
