0 0.448310237377882 0.33010433614254 0.10344585031270981 0.1605539619922638 0.9935115814208985
0 0.5871443748474121 0.4040067717432976 0.12824678421020508 0.16749154031276703 0.9924060821533203
0 0.5065421462059021 0.5892782956361771 0.17172771692276 0.2723402678966522 0.9894432067871094
0 0.06459794752299786 0.3091531256213784 0.01767711713910103 0.028530629351735115 0.8593067169189453
1 0.47665337659418583 0.5333922598510981 0.04012807086110115 0.047910112887620926 0.9538668060302734
1 0.43178690876811743 0.2899464797228575 0.021279780194163322 0.033019568771123886 0.9304544067382813
1 0.5342581830918789 0.5320889241993427 0.04065977782011032 0.039736486971378326 0.8847360229492187
1 0.6041421173140407 0.3642529509961605 0.012565230950713158 0.025931887328624725 0.8139051818847656
1 0.5648894989863038 0.3639885727316141 0.019897716119885445 0.022378314286470413 0.6509867858886719
1 0.46537039894610643 0.286190627142787 0.020781898871064186 0.03446369990706444 0.615575065612793
1 0.5878168623894453 0.3426534151658416 0.016179975122213364 0.0210558008402586 0.6089834594726562
4 0.40933562722057104 0.3847070839256048 0.012541739270091057 0.05196468159556389 0.7747672271728515
4 0.5763495089486241 0.6814090572297573 0.02192058600485325 0.07551800459623337 0.688795166015625
4 0.4448580862954259 0.6771433353424072 0.02584257163107395 0.09706449508666992 0.6827461242675781
7 0.43141685146838427 0.28463525883853436 0.02138080634176731 0.03106316551566124 0.5846665954589844
