0 0.4831211641430855 0.4103318378329277 0.12298227846622467 0.1932593435049057 0.9935933685302735
0 0.72236617654562 0.5333625748753548 0.15411357581615448 0.2015068680047989 0.9890802764892578
0 0.6269954144954681 0.909131295979023 0.24124425649642944 0.17917396128177643 0.9848565673828125
0 0.27262069284915924 0.3146599531173706 0.06151914596557617 0.048429250717163086 0.9597934722900391
0 0.15333048440515995 0.3270637048408389 0.041366416960954666 0.025137951597571373 0.9449273681640625
0 0.06401679012924433 0.30945192463696003 0.019077377393841743 0.028983447700738907 0.8614424896240235
1 0.5841917153447866 0.9350633695721626 0.059798430651426315 0.07516457140445709 0.9675408172607421
1 0.6667059771716595 0.9317346811294556 0.05852069705724716 0.06332826614379883 0.9369312286376953
1 0.4626298686489463 0.3633775692433119 0.02696940116584301 0.03878789767622948 0.8813392639160156
1 0.5038928147405386 0.36091581359505653 0.024050425738096237 0.034117408096790314 0.8291924285888672
1 0.741916854865849 0.48607732355594635 0.020651498809456825 0.031846195459365845 0.7154178619384766
4 0.43704335298389196 0.4841588567942381 0.014983145520091057 0.04610344395041466 0.5894275283813477
