0 0.45927534624934196 0.3493187427520752 0.11074342578649521 0.17022967338562012 0.991268310546875
0 0.6246285811066628 0.4393821284174919 0.13332004845142365 0.17848186194896698 0.9739310455322265
0 0.2534538321197033 0.3271450223401189 0.042253367602825165 0.024032140150666237 0.9670006561279297
0 0.5508185550570488 0.6968111395835876 0.1889980286359787 0.30148422718048096 0.9548484039306641
0 0.06433905847370625 0.3088854970410466 0.017898190766572952 0.029368365183472633 0.8493910980224609
1 0.5168326161801815 0.6354045998305082 0.04577242583036423 0.056502845138311386 0.96732177734375
1 0.44197093043476343 0.3105466403067112 0.022904427722096443 0.03343892842531204 0.9421927642822265
1 0.581496624276042 0.6396385561674833 0.044034894555807114 0.03911104425787926 0.9276653289794922
1 0.6429904061369598 0.39616903383284807 0.015124193392693996 0.028522605076432228 0.8906755828857422
1 0.47689785342663527 0.31337262131273746 0.014683341607451439 0.01963009312748909 0.7341527557373047
4 0.6272488832473755 0.7920109815895557 0.024610519409179688 0.09194449335336685 0.7516241455078125
4 0.4816780351102352 0.7978246547281742 0.02927195280790329 0.09786099940538406 0.7487193298339844
8 0.10876442026346922 0.467319592833519 0.02805504761636257 0.1674341857433319 0.555697364807129
