0 0.46252937614917755 0.35463935136795044 0.11089232563972473 0.17171740531921387 0.9929241943359375
0 0.5623999461531639 0.7283503860235214 0.19610236585140228 0.31126031279563904 0.98686767578125
0 0.63630211353302 0.4483060762286186 0.13658809661865234 0.18118159472942352 0.9682766723632813
0 0.25566079281270504 0.32457600347697735 0.04430167004466057 0.02616235241293907 0.9354473114013672
0 0.06448933389037848 0.3093090197071433 0.017712434753775597 0.027737228199839592 0.8672857666015625
1 0.5279240775853395 0.6651517990976572 0.04518846049904823 0.05601303651928902 0.9610020446777344
1 0.6545665264129639 0.4051583055406809 0.016265869140625 0.029057849198579788 0.8838973236083985
1 0.4448279142379761 0.31516161002218723 0.02274942398071289 0.03468780592083931 0.8464115142822266
1 0.5962403807789087 0.666721859946847 0.04183514788746834 0.04620547965168953 0.7458935546875
1 0.4807512164115906 0.31723199505358934 0.015910625457763672 0.023523176088929176 0.5683648681640625
4 0.49160020146518946 0.8318734057247639 0.029717477038502693 0.1039956584572792 0.8197058868408204
4 0.6419217549264431 0.8302999958395958 0.024670474231243134 0.08705274760723114 0.7980820465087891
4 0.42001220397651196 0.4173470716923475 0.014675553888082504 0.04739713296294212 0.6424257659912109
