0 0.5389374047517776 0.3666364848613739 0.11610838770866394 0.154374361038208 0.9906185150146485
0 0.427925705909729 0.3055771589279175 0.09670734405517578 0.14727145433425903 0.9835062408447266
0 0.4419478103518486 0.4727179557085037 0.14614902436733246 0.23358270525932312 0.9723670959472657
0 0.06377454940229654 0.3089585714042187 0.018602745607495308 0.028012000024318695 0.862742919921875
1 0.41768729127943516 0.42301154509186745 0.03494720533490181 0.04010701924562454 0.9619992065429688
1 0.4682818930596113 0.42268798127770424 0.034925397485494614 0.03700626641511917 0.9457988739013672
1 0.4120658375322819 0.26966307032853365 0.02134145051240921 0.0298160407692194 0.878044662475586
1 0.554734846111387 0.3301948895677924 0.012294451706111431 0.023130713030695915 0.8710492706298828
1 0.4443784775212407 0.27460158057510853 0.013050461187958717 0.02011973038315773 0.5899001312255859
4 0.5046075563877821 0.5585069358348846 0.018505509942770004 0.054287493228912354 0.6527877044677735
