0 0.4709402211010456 0.37470487505197525 0.11865774542093277 0.18218864500522614 0.9925959777832031
0 0.6728517934679985 0.48178156465291977 0.14450334012508392 0.19133178889751434 0.9654447174072266
0 0.5943951085209846 0.8348123282194138 0.21239055693149567 0.3287285268306732 0.9610437774658203
0 0.2627310734242201 0.3198978789150715 0.06149217113852501 0.03867927938699722 0.8903433227539063
0 0.06460107397288084 0.3085742210969329 0.017155146226286888 0.028544588014483452 0.8692413330078125
1 0.5563794579356909 0.7711867727339268 0.051892440766096115 0.06374133378267288 0.9694581604003907
1 0.6288128420710564 0.770158251747489 0.050511106848716736 0.05410579964518547 0.951422119140625
1 0.45298050064593554 0.3303204495459795 0.024681473150849342 0.036076609045267105 0.9293839263916016
1 0.6910266680642962 0.4368307450786233 0.016955694183707237 0.030299575999379158 0.796728515625
4 0.517107498832047 0.9542762860655785 0.030291462317109108 0.09129683673381805 0.79757080078125
4 0.4274341883137822 0.44117996469140053 0.015341663733124733 0.047977276146411896 0.6384434509277344
