0 0.5217481628060341 0.35640328377485275 0.11264254152774811 0.14868198335170746 0.9880377960205078
0 0.42006396129727364 0.29020120576024055 0.09402856975793839 0.12411943823099136 0.9774969482421875
0 0.4222647175192833 0.44276008754968643 0.13968627154827118 0.21837474405765533 0.9638783264160157
0 0.06399934645742178 0.30869394820183516 0.018121441826224327 0.027786141261458397 0.8218595123291016
1 0.5382411479949951 0.32087012380361557 0.011745929718017578 0.02154622972011566 0.9593022155761719
1 0.3986638654023409 0.39567973278462887 0.03315595164895058 0.03459910675883293 0.9189499664306641
1 0.4046288328245282 0.2659971686080098 0.01928345300257206 0.027752036228775978 0.9021200561523437
1 0.49970570392906666 0.3197249788790941 0.01578480377793312 0.02147066965699196 0.8450103759765625
1 0.4474452957510948 0.3989349864423275 0.0334465354681015 0.025705747306346893 0.8337989807128906
1 0.5476123690605164 0.3189328871667385 0.016762733459472656 0.025995664298534393 0.5691739273071289
