0 0.5782689489424229 0.3948431760072708 0.12428344041109085 0.16562393307685852 0.9930821990966797
0 0.44494331255555153 0.32499904930591583 0.10254300385713577 0.15766412019729614 0.9912884521484375
0 0.49486928433179855 0.5668925940990448 0.16607020795345306 0.26045429706573486 0.9868185424804687
0 0.0646221674978733 0.30991253536194563 0.017742879688739777 0.02842540107667446 0.882554931640625
1 0.465739319100976 0.5104102492332458 0.0391743965446949 0.046757280826568604 0.9603294372558594
1 0.5221785139292479 0.507927168160677 0.040265049785375595 0.04492775350809097 0.9250434875488281
1 0.4284744821488857 0.28509178571403027 0.02143942564725876 0.03489416465163231 0.8868990325927735
1 0.5571401631459594 0.3578858859837055 0.0266635250300169 0.02723626047372818 0.8191755676269531
1 0.5953703643754125 0.35671583004295826 0.01537170447409153 0.026097897440195084 0.7904066467285156
4 0.4334951974451542 0.6525594852864742 0.027326710522174835 0.08861880749464035 0.681811294555664
4 0.40710699558258057 0.3770994357764721 0.013172149658203125 0.0537121519446373 0.5768144607543946
