0 0.47917939722537994 0.3943881541490555 0.12122634053230286 0.19201603531837463 0.9922541046142578
0 0.6174740269780159 0.8813543170690536 0.2292354255914688 0.23706647753715515 0.9842225646972657
0 0.7041553780436516 0.5138635486364365 0.15109334886074066 0.19804003834724426 0.972597427368164
0 0.268769059330225 0.3171656299382448 0.0611480250954628 0.04698995128273964 0.9627040100097656
0 0.14999906346201897 0.3303249664604664 0.03823363035917282 0.021980680525302887 0.9042642974853515
0 0.06411425024271011 0.3085970152169466 0.0184788778424263 0.029762182384729385 0.8796319580078125
1 0.5749745797365904 0.871844407171011 0.05583330616354942 0.06930124014616013 0.9686475372314454
1 0.6537813059985638 0.8698153980076313 0.05508842319250107 0.059878088533878326 0.9364627075195312
1 0.45930222515016794 0.35639793891459703 0.02579428441822529 0.030196690931916237 0.8034786987304687
1 0.6727238213643432 0.4559923056513071 0.0181643795222044 0.03376244381070137 0.7922994232177735
1 0.6775290761142969 0.46516176499426365 0.03439076617360115 0.03457223251461983 0.776462173461914
1 0.72289087343961 0.4676205888390541 0.020195642486214638 0.03157617151737213 0.7124242401123047
4 0.43343861121684313 0.46360195614397526 0.015472793951630592 0.055614132434129715 0.7273090362548829
