0 0.46953704208135605 0.3697482943534851 0.1160009354352951 0.18023186922073364 0.9920298004150391
0 0.588017426431179 0.8142689168453217 0.2078554481267929 0.33423954248428345 0.9843086242675781
0 0.66400495916605 0.47410279512405396 0.1416132003068924 0.18908685445785522 0.9825358581542969
0 0.2617867235094309 0.32006251625716686 0.059197474271059036 0.035423871129751205 0.9208663940429688
0 0.06411901023238897 0.3083394365385175 0.017879044637084007 0.028246024623513222 0.7690544128417969
1 0.550758421421051 0.7467715591192245 0.048809051513671875 0.06252667307853699 0.9435124206542969
1 0.4513679388910532 0.3315904540941119 0.022610951215028763 0.027070900425314903 0.8950714111328125
1 0.6217626854777336 0.7501331362873316 0.04944394528865814 0.0418294258415699 0.8622383880615234
1 0.48815678572282195 0.33244885690510273 0.014872233383357525 0.02001563087105751 0.7409036254882813
1 0.6833417695015669 0.42886496987193823 0.015186246484518051 0.028618423268198967 0.7067547607421875
4 0.5117830578237772 0.926874440163374 0.0306580550968647 0.11067482084035873 0.8645304870605469
4 0.6718565309420228 0.9357190728187561 0.02739073522388935 0.06826889514923096 0.7222026824951172
4 0.4261204362846911 0.43564609065651894 0.01434249896556139 0.04917455464601517 0.6641520690917969
