0 0.5558935701847076 0.37681614607572556 0.11990737915039062 0.15990029275417328 0.9940644836425782
0 0.4361901357769966 0.31404510885477066 0.09891964495182037 0.15165911614894867 0.9939457702636719
0 0.4655507504940033 0.511967159807682 0.15753132104873657 0.2439568191766739 0.9885169219970703
0 0.06439196970313787 0.3090994106605649 0.01809600554406643 0.026592085137963295 0.8687220764160156
1 0.43702342361211777 0.46018216386437416 0.03627417981624603 0.04671681672334671 0.9590100860595703
1 0.5724370838142931 0.34063662495464087 0.015024376101791859 0.024525253102183342 0.8785595703125
1 0.490471500903368 0.4643718432635069 0.03623209148645401 0.029579248279333115 0.8599237823486328
1 0.4196470184251666 0.2810768662020564 0.020962556824088097 0.024465715512633324 0.7185670471191407
4 0.4089632770046592 0.5917380526661873 0.022328345105051994 0.08307518064975739 0.6575956726074219
4 0.5290500437840819 0.5947782881557941 0.020324451848864555 0.06675765663385391 0.642370834350586
4 0.3979134322144091 0.5906262546777725 0.010951709933578968 0.07593372464179993 0.5824490737915039
