0 0.4921036660671234 0.44183292984962463 0.13129854202270508 0.2086910605430603 0.9905938720703125
0 0.766067810356617 0.579532615840435 0.16244520246982574 0.2166130393743515 0.9886660766601563
0 0.281135905534029 0.30998856760561466 0.06380973011255264 0.05811109021306038 0.9502472686767578
0 0.15880384854972363 0.3214127589017153 0.05689710006117821 0.03946736827492714 0.9463357543945312
0 0.06389656569808722 0.3083222983404994 0.01843692921102047 0.02955017052590847 0.7345075225830078
1 0.5140474317595363 0.39557700883597136 0.017193889245390892 0.024060538038611412 0.8816621398925781
1 0.7878925958648324 0.5287679005414248 0.023222478106617928 0.0347316600382328 0.7654621887207032
1 0.471647628583014 0.4017815915867686 0.026875274255871773 0.02763957343995571 0.655978775024414
1 0.26705305790528655 0.29456611070781946 0.010776202194392681 0.01588437147438526 0.5723065567016602
4 0.4441074291244149 0.519994804635644 0.016886265948414803 0.053094763308763504 0.7515773010253907
