0 0.5501589514315128 0.3726131319999695 0.12339312583208084 0.1598803997039795 0.9902650451660157
0 0.43403850868344307 0.3120152875781059 0.09773985296487808 0.1509288102388382 0.989874267578125
0 0.45731744170188904 0.4993792101740837 0.15381526947021484 0.237896129488945 0.9872531127929688
0 0.06446571834385395 0.3097192784771323 0.01798277720808983 0.02707674913108349 0.6990348052978516
1 0.4311634562909603 0.4465031065046787 0.03552328795194626 0.04318553954362869 0.9244448852539062
1 0.4167705215513706 0.279985879547894 0.019663937389850616 0.02173543907701969 0.9014187622070312
1 0.4827057011425495 0.45088381692767143 0.035859204828739166 0.02871062606573105 0.8268721771240234
1 0.5653996746987104 0.33778657764196396 0.014034207910299301 0.023832306265830994 0.7849185180664062
4 0.40037877950817347 0.5784704685211182 0.025442631915211678 0.08080720901489258 0.8252960205078125
4 0.5082752746529877 0.5975272189825773 0.010873445309698582 0.0264299176633358 0.684343490600586
