0 0.47366466373205185 0.3807222321629524 0.11851094663143158 0.1835917979478836 0.9935423278808594
0 0.6812468394637108 0.4910922721028328 0.14509086310863495 0.19436021149158478 0.9817689514160156
0 0.6017333567142487 0.8472683429718018 0.21712487936019897 0.3024839162826538 0.9704641723632812
0 0.26538039930164814 0.31945096142590046 0.06221062317490578 0.04191312566399574 0.9071888732910156
0 0.06418368127197027 0.30852143466472626 0.017934700474143028 0.02893558144569397 0.8741813659667969
1 0.5619237702339888 0.7991229444742203 0.053271230310201645 0.06655290722846985 0.9600296020507812
1 0.4539238512516022 0.3351447153836489 0.02490711212158203 0.038964901119470596 0.8681389617919922
1 0.6372975818812847 0.8017780147492886 0.05221595615148544 0.04569040983915329 0.8601226043701172
1 0.6552998069673777 0.44275709614157677 0.02954273298382759 0.03075747936964035 0.6522618865966797
1 0.7007177830673754 0.44481031969189644 0.014938545413315296 0.029808439314365387 0.6215263748168945
1 0.49234679341316223 0.33129629865288734 0.024432659149169922 0.0423441007733345 0.6059556579589844
4 0.4294016002677381 0.44774345867335796 0.014858054928481579 0.048828210681676865 0.7044702911376953
