0 0.4925161078572273 0.4446520358324051 0.13321371376514435 0.21087703108787537 0.9899168395996094
0 0.15940549224615097 0.32113877683877945 0.055149540305137634 0.040001705288887024 0.9575148010253907
0 0.2819294221699238 0.3096948564052582 0.06381360441446304 0.05879104137420654 0.9148105621337891
0 0.7711085826158524 0.5861368328332901 0.16321614384651184 0.22110697627067566 0.9043183135986328
0 0.06354464031755924 0.30933606810867786 0.019066620618104935 0.02871859446167946 0.8640430450439454
1 0.7976177614182234 0.5354424081742764 0.03577035292983055 0.03807627409696579 0.9290827941894532
1 0.4720255332067609 0.39977447874844074 0.02696005441248417 0.03941008821129799 0.9030821228027344
1 0.5169368106871843 0.3983431439846754 0.02487761154770851 0.029899653047323227 0.8515481567382812
1 0.2676213961094618 0.29414538014680147 0.00868886336684227 0.013912567868828773 0.6264121627807617
1 0.7384999431669712 0.5306829130277038 0.02931893616914749 0.02938435785472393 0.6157266998291016
7 0.5149416169151664 0.3893749061971903 0.026164976879954338 0.043463218957185745 0.6496302795410156
