0 0.5758865736424923 0.39298562705516815 0.12400572746992111 0.16547462344169617 0.986820068359375
0 0.44404445961117744 0.32319919764995575 0.10334125906229019 0.15829035639762878 0.9839205169677734
0 0.4916209205985069 0.5590620189905167 0.16525207459926605 0.25800785422325134 0.9806623077392578
0 0.0650529395788908 0.30965494737029076 0.017058733850717545 0.02890627831220627 0.8799991607666016
1 0.46267369762063026 0.5036929249763489 0.03691256791353226 0.048334360122680664 0.9499430847167969
1 0.5916789649054408 0.35456610284745693 0.013485526666045189 0.025179516524076462 0.9022428131103516
1 0.5177572555840015 0.5075942222028971 0.03850755840539932 0.03137664869427681 0.8543898010253906
1 0.4276646161451936 0.288443717174232 0.020416514948010445 0.02570170722901821 0.7520777130126953
1 0.6006158506497741 0.35271236300468445 0.0214602779597044 0.030276715755462646 0.6013045883178711
4 0.4309521932154894 0.6429048404097557 0.025614801794290543 0.08944396674633026 0.8333097076416016
4 0.406163128092885 0.38467384688556194 0.011984411627054214 0.03323754295706749 0.7176438903808594
4 0.5586202265694737 0.6486939378082752 0.02149333991110325 0.06605354696512222 0.5908116531372071
