0 0.607696145772934 0.4228179454803467 0.13159364461898804 0.17108255624771118 0.9852070617675781
0 0.4541936293244362 0.34093373268842697 0.10682369768619537 0.16575472056865692 0.9809587860107422
0 0.5311952233314514 0.6467249244451523 0.18295818567276 0.2865374982357025 0.9723438262939453
0 0.2490047663450241 0.3301010197028518 0.038831233978271484 0.01707489602267742 0.9587860870361328
0 0.0646596560254693 0.3089877311140299 0.017239229753613472 0.028611529618501663 0.8610999298095703
1 0.4986734054982662 0.5863924622535706 0.04282891005277634 0.054433584213256836 0.9104909515380859
1 0.6249074777588248 0.3824396254494786 0.014377085492014885 0.027019048109650612 0.8933578491210937
1 0.5599506851285696 0.5899213757365942 0.04319114610552788 0.03651241585612297 0.8792317199707032
1 0.43734718207269907 0.2996575254946947 0.021980540826916695 0.035506609827280045 0.8000594329833984
1 0.5837743915617466 0.38218225724995136 0.015977032482624054 0.016763899475336075 0.6335576248168945
4 0.4648556215688586 0.7414177507162094 0.02892526052892208 0.09622570872306824 0.7905975341796875
4 0.6048810128122568 0.7439497262239456 0.022120285779237747 0.07320132851600647 0.704677963256836
