0 0.4645513966679573 0.3588530197739601 0.1116916686296463 0.1738506704568863 0.9925895690917969
0 0.6442157924175262 0.45506948977708817 0.1395922303199768 0.18312658369541168 0.9906974029541016
0 0.5699221715331078 0.7496701031923294 0.1979416459798813 0.3198452293872833 0.9847383117675781
0 0.25683552399277687 0.32239093631505966 0.04739392548799515 0.027806684374809265 0.917021255493164
0 0.06404892355203629 0.3082584999501705 0.017972297966480255 0.028040878474712372 0.8772638702392578
1 0.5352047514170408 0.686180105432868 0.04578443989157677 0.05826495215296745 0.9413714599609375
1 0.4460486155003309 0.3214623611420393 0.022535737603902817 0.02926534041762352 0.8595481872558594
1 0.6026424244046211 0.6925718057900667 0.04794813692569733 0.0384199358522892 0.7781394958496094
1 0.6627660910598934 0.41143282875418663 0.014002545736730099 0.02833407372236252 0.6582927703857422
1 0.6189983170479536 0.40995384007692337 0.032720502465963364 0.034642115235328674 0.6290144348144531
4 0.4977970002219081 0.8600731380283833 0.029275989159941673 0.10127732902765274 0.7787258911132813
4 0.4215748133137822 0.42072576470673084 0.015053654089570045 0.0514225997030735 0.7684300994873047
4 0.6503712693229318 0.8527351170778275 0.025339635089039803 0.09631624817848206 0.7630603790283204
4 0.5859350520186126 0.5195024348795414 0.010128847323358059 0.04567272216081619 0.611771240234375
