0 0.4815604202449322 0.4065568819642067 0.12342103570699692 0.19312866032123566 0.9936958312988281
0 0.7177209407091141 0.5280988365411758 0.15129998326301575 0.201558917760849 0.9816614532470703
0 0.6247679218649864 0.9022025763988495 0.2376106232404709 0.19556862115859985 0.9794609832763672
0 0.2716316506266594 0.3152632415294647 0.06101514399051666 0.04803633689880371 0.9513806915283203
0 0.15279767103493214 0.3280120650306344 0.03963819518685341 0.02462873049080372 0.9217800903320312
0 0.0639636842533946 0.3090624213218689 0.018533987924456596 0.02931267023086548 0.8865057373046875
1 0.58244470320642 0.9184701442718506 0.058374594897031784 0.07294893264770508 0.9353961944580078
1 0.46174444165080786 0.35732043720781803 0.02734181098639965 0.044520992785692215 0.9329573822021484
1 0.6626248601824045 0.9227802157402039 0.0546606071293354 0.04672133922576904 0.9079681396484375
1 0.6884775599464774 0.4802245441824198 0.026147333905100822 0.02261047437787056 0.7622099304199219
1 0.5024384176358581 0.3614955637603998 0.020364506170153618 0.024361390620470047 0.709616928100586
1 0.7376209339126945 0.4814042057842016 0.015936342999339104 0.03141925856471062 0.6503874969482422
4 0.43608432030305266 0.4784993175417185 0.014428297989070415 0.049429941922426224 0.609975700378418
