0 0.48653851449489594 0.4230460077524185 0.1287594735622406 0.19846829771995544 0.9941171264648437
0 0.7411956340074539 0.551957756280899 0.1557258665561676 0.20984327793121338 0.9922960662841797
0 0.27598231844604015 0.3122393414378166 0.06137129291892052 0.05445776879787445 0.959377670288086
0 0.1572831254452467 0.32210708409547806 0.052641090005636215 0.027185991406440735 0.9342015075683594
0 0.6338304281234741 0.9391665272414684 0.18655967712402344 0.11991294473409653 0.8873199462890625
0 0.06401058472692966 0.3081611776724458 0.018116604536771774 0.02953471429646015 0.8160211944580078
1 0.4666993673890829 0.380436260253191 0.026447486132383347 0.03562531620264053 0.8158110046386718
1 0.5087879616767168 0.37688663601875305 0.02058226242661476 0.029187321662902832 0.7540200805664062
1 0.7621412239968777 0.5036860164254904 0.01765238493680954 0.034073781222105026 0.6982485961914062
1 0.6860397700220346 0.9914369825273752 0.04295520856976509 0.017126012593507767 0.5737286758422852
4 0.4396618092432618 0.49624093249440193 0.0159695316106081 0.05471954494714737 0.710386962890625
4 0.4622718831524253 0.38781271409243345 0.023085562512278557 0.021895429119467735 0.6642765045166016
4 0.5377991916611791 0.500545198097825 0.015517139807343483 0.03793900087475777 0.6091385650634765
4 0.8024111036211252 0.6398873711004853 0.01998310163617134 0.02203555591404438 0.5515731430053711
