0 0.46774110570549965 0.3652318865060806 0.11655909568071365 0.1793975532054901 0.9870496368408204
0 0.5805177167057991 0.7888269424438477 0.2049795538187027 0.3289128541946411 0.9695466613769531
0 0.6555632501840591 0.46523183584213257 0.14170411229133606 0.18712836503982544 0.9632454681396484
0 0.2595767993479967 0.3183647533878684 0.045190874487161636 0.028217343613505363 0.9426539611816406
0 0.06429987400770187 0.30808853451162577 0.01761365681886673 0.028117286041378975 0.8638808441162109
1 0.5437967702746391 0.7225884944200516 0.049411043524742126 0.06176486611366272 0.9544794464111328
1 0.6149378214031458 0.7230601646006107 0.04892667010426521 0.04590267688035965 0.9215770721435547
1 0.44871090818196535 0.3215840645134449 0.025186220183968544 0.04178772121667862 0.9031676483154297
1 0.485897658392787 0.3174027521163225 0.023066457360982895 0.03940683975815773 0.6652603912353515
4 0.5063010770827532 0.8973519504070282 0.030140940099954605 0.11140984296798706 0.7932914733886719
4 0.6635328447446227 0.8968265168368816 0.026011211797595024 0.0888613685965538 0.6679421997070313
