0 0.5010313615202904 0.4803167060017586 0.13757489621639252 0.21870674192905426 0.9927727508544922
0 0.16287625953555107 0.31675148010253906 0.05387937277555466 0.04782700538635254 0.9708970642089844
0 0.8049551695585251 0.6325759142637253 0.1694769561290741 0.23038646578788757 0.9657907104492187
0 0.28809932991862297 0.3082457594573498 0.06485971063375473 0.06768705695867538 0.9373471069335938
0 0.06362247280776501 0.30849533900618553 0.018558431416749954 0.028192929923534393 0.817989730834961
1 0.2735555211547762 0.28797563211992383 0.006833203602582216 0.013266132213175297 0.8818597412109375
1 0.8319766409695148 0.5786618180572987 0.03812751919031143 0.04004494100809097 0.860379867553711
1 0.5248354868963361 0.42697498947381973 0.025098005309700966 0.03288353979587555 0.7656455993652344
1 0.4793839370831847 0.4315539002418518 0.02922271005809307 0.039854347705841064 0.7426602935791016
4 0.45121183805167675 0.5601175986230373 0.01744120940566063 0.05910288542509079 0.7392732238769532
