0 0.6109049469232559 0.42595305293798447 0.1342187225818634 0.17213957011699677 0.9755408477783203
0 0.4554643891751766 0.34155023843050003 0.10703223198652267 0.1652693897485733 0.9726990509033203
0 0.5353674069046974 0.655109703540802 0.1823679357767105 0.2866339683532715 0.9571142578125
0 0.24944926612079144 0.3295490061864257 0.03897377476096153 0.018302662298083305 0.928995361328125
0 0.06457707099616528 0.3086286634206772 0.017322491854429245 0.028555184602737427 0.8648816680908203
1 0.5654993411153555 0.5946707054972649 0.04429168626666069 0.048963531851768494 0.9590982055664062
1 0.6279714745469391 0.38477002270519733 0.013042577542364597 0.02652350440621376 0.9521798706054687
1 0.5026928409934044 0.595481812953949 0.043601736426353455 0.05529022216796875 0.9431510925292969
1 0.43894342985004187 0.3034934662282467 0.022553889080882072 0.033761851489543915 0.8919846343994141
4 0.4685255764052272 0.7527566440403461 0.02899465523660183 0.09355209022760391 0.6438945770263672
4 0.6087664170190692 0.7507606893777847 0.023171743378043175 0.08053973317146301 0.6272224044799805
3 0.6057309312745929 0.3840866666287184 0.025373777374625206 0.0206599198281765 0.5520826721191406
