0 0.46876634284853935 0.3672437369823456 0.11738719791173935 0.17876392602920532 0.9927499389648438
0 0.584423378109932 0.8017514199018478 0.2071017324924469 0.33474335074424744 0.9836721801757813
0 0.6594777852296829 0.4699345529079437 0.14030113816261292 0.18761932849884033 0.9370426940917969
0 0.26164951361715794 0.3195018023252487 0.05768926814198494 0.03273937106132507 0.9114289093017578
0 0.06447571702301502 0.3082957221195102 0.017209168523550034 0.0280147697776556 0.8651190185546875
1 0.5473949201405048 0.732610210776329 0.050585366785526276 0.06320783495903015 0.9405281829833985
1 0.617463568225503 0.7378735970705748 0.04830773547291756 0.04272850975394249 0.8932052612304687
1 0.6784664234146476 0.4260588074102998 0.016012636944651604 0.030304210260510445 0.8031726837158203
1 0.4499397315084934 0.3236553445458412 0.024351246654987335 0.042160287499427795 0.7154278564453125
4 0.5093903802335262 0.9164105877280235 0.03061949461698532 0.10103528201580048 0.795096664428711
4 0.42519440269097686 0.4302031733095646 0.015443484298884869 0.05472714453935623 0.7208650207519531
4 0.5484371343627572 0.7538813622668386 0.030896218493580818 0.022923165932297707 0.5796207046508789
