0 0.45014113187789917 0.3334222063422203 0.10462379455566406 0.16304366290569305 0.992602310180664
0 0.593922533094883 0.41024094074964523 0.12926943600177765 0.17004965245723724 0.9919569396972656
0 0.5140675082802773 0.6079385578632355 0.17364908754825592 0.27671533823013306 0.9838980102539062
0 0.06461550481617451 0.3089389903470874 0.01750035211443901 0.02854444645345211 0.8852690124511718
1 0.48372408375144005 0.5482490006834269 0.04074513167142868 0.05217324569821358 0.9728546142578125
1 0.43326906580477953 0.2906971015036106 0.021834278479218483 0.03333652764558792 0.8327374267578125
1 0.5431005284190178 0.5530681125819683 0.04222367703914642 0.03471662849187851 0.7802340698242187
1 0.4326056344434619 0.3004788653925061 0.021467527374625206 0.0224177036434412 0.7449786376953125
1 0.5730622373521328 0.37227820605039597 0.025160662829875946 0.022839948534965515 0.6251523590087891
1 0.6111326455138624 0.3704449702054262 0.014032172970473766 0.026038501411676407 0.6105779266357422
4 0.5856961766257882 0.7043184712529182 0.02147439308464527 0.06979335844516754 0.8077571105957031
4 0.4508551238104701 0.701532881706953 0.02853403054177761 0.08749886602163315 0.7582592010498047
4 0.41135610546916723 0.3975599519908428 0.011761633679270744 0.034910641610622406 0.6804695129394531
