0 0.49814868718385696 0.4690488502383232 0.1360839158296585 0.219297394156456 0.9927184295654297
0 0.7953588739037514 0.6181380972266197 0.16661103069782257 0.2270837277173996 0.9806734466552735
0 0.1618115957826376 0.3194703049957752 0.05473585054278374 0.04730866104364395 0.965582275390625
0 0.2863374911248684 0.30924590677022934 0.06523626297712326 0.06579510867595673 0.9256711578369141
0 0.0636642249301076 0.3087179195135832 0.01847575046122074 0.028434839099645615 0.7556804656982422
1 0.4768924890086055 0.4183838963508606 0.029770946130156517 0.04550880193710327 0.95775390625
1 0.5211812611669302 0.41138298623263836 0.027361582964658737 0.04639657959342003 0.911396255493164
1 0.8168207406997681 0.5665719676762819 0.026662826538085938 0.03819647803902626 0.7643367767333984
1 0.27163481106981635 0.28990208078175783 0.008760261349380016 0.015844980254769325 0.639720573425293
1 0.5116580249741673 0.4226758601143956 0.02525653876364231 0.02406975068151951 0.5690417861938477
4 0.4497814439237118 0.5510485600680113 0.01727711409330368 0.055830325931310654 0.7301676177978516
