0 0.4349958933889866 0.31298644840717316 0.09815699607133865 0.15102267265319824 0.9930391693115235
0 0.553589466959238 0.37451598793268204 0.12147010117769241 0.1605500727891922 0.9905604553222657
0 0.46103187650442123 0.5059122443199158 0.15530900657176971 0.23988616466522217 0.9885850524902344
0 0.06406207755208015 0.30889693833887577 0.018154017627239227 0.02745731547474861 0.8657514190673828
1 0.4346627928316593 0.4525345079600811 0.03558600693941116 0.04499991983175278 0.9609627532958984
1 0.5681374352425337 0.3386826775968075 0.013629850000143051 0.025671951472759247 0.9312193298339844
1 0.48591318912804127 0.4541258253157139 0.03742128983139992 0.03604657202959061 0.8843376159667968
1 0.5755469836294651 0.3384055523201823 0.024132855236530304 0.028208499774336815 0.8107386779785156
1 0.41798503044992685 0.2797868885099888 0.020457999780774117 0.025250442326068878 0.79233154296875
4 0.39842429757118225 0.36987660452723503 0.011466026306152344 0.038179777562618256 0.8271247100830078
4 0.4053018232807517 0.5854303315281868 0.022125689312815666 0.0800037533044815 0.7284453582763671
4 0.3953424710780382 0.5823260471224785 0.011813703924417496 0.07814048230648041 0.634608268737793
4 0.5243390602990985 0.5896164420992136 0.020797094330191612 0.06235091760754585 0.6122696304321289
