0 0.43930358439683914 0.3179383724927902 0.09904976189136505 0.15332528948783875 0.9918756103515625
0 0.5635587573051453 0.38363344967365265 0.12507867813110352 0.1617061197757721 0.9858042144775391
0 0.47599460184574127 0.5314928665757179 0.16067549586296082 0.2480548769235611 0.9816642761230469
0 0.0645113904029131 0.30864567309617996 0.017589326947927475 0.02758707106113434 0.8747826385498046
1 0.4482971765100956 0.4804721884429455 0.03595221787691116 0.042722009122371674 0.9415104675292969
1 0.5018154717981815 0.48478310462087393 0.036479122936725616 0.028512997552752495 0.896680679321289
1 0.5808533825911582 0.3456016583368182 0.015246708877384663 0.026922127231955528 0.806434555053711
1 0.42309598345309496 0.2819163938984275 0.019678974524140358 0.02822771482169628 0.7963572692871094
4 0.5416914103552699 0.6217661146074533 0.020394420251250267 0.057082224637269974 0.740334243774414
4 0.4012589892372489 0.3692435547709465 0.012783972546458244 0.04954175651073456 0.6731698608398438
4 0.41720056533813477 0.6136122569441795 0.0253143310546875 0.08367948234081268 0.6344816589355469
