0 0.4895154535770416 0.4309569448232651 0.1294073462486267 0.1990780532360077 0.9928127288818359
0 0.7512274533510208 0.5626418590545654 0.15835991501808167 0.21256160736083984 0.9913211822509765
0 0.27780428156256676 0.31162893399596214 0.06346645206212997 0.055955223739147186 0.9615185546875
0 0.15735436417162418 0.3212671084329486 0.05340047553181648 0.030892690643668175 0.9096551513671876
0 0.6412032842636108 0.9555482380092144 0.17826461791992188 0.08835234493017197 0.8951930236816407
0 0.06407174933701754 0.3081474779173732 0.018103981390595436 0.028377985581755638 0.783968276977539
7 0.509012415073812 0.36371743958443403 0.024661509320139885 0.019954031333327293 0.9058831787109375
1 0.46779821533709764 0.3871331512928009 0.027176285162568092 0.034631431102752686 0.8156961822509765
1 0.5098001519218087 0.38107939064502716 0.022994549944996834 0.03337094187736511 0.8015764617919922
1 0.724080478772521 0.5105748986825347 0.03509635850787163 0.027544600889086723 0.7778186798095703
4 0.44151061214506626 0.5027379281818867 0.016781140118837357 0.055558718740940094 0.7160428619384765
