0 0.42314862459897995 0.2971448674798012 0.09527282416820526 0.13418491184711456 0.9809944915771485
0 0.528981301933527 0.35926615446805954 0.11507905274629593 0.1510225385427475 0.9778844451904297
0 0.42881111055612564 0.4513017386198044 0.1423589140176773 0.22578713297843933 0.9702411651611328
0 0.06424048356711864 0.3087772913277149 0.01767135038971901 0.028506018221378326 0.7573810577392578
1 0.404711389914155 0.4032992571592331 0.03451376035809517 0.03782275319099426 0.904639663696289
1 0.4073790945112705 0.2712678462266922 0.018298275768756866 0.01991763710975647 0.8952726745605468
1 0.5435995180159807 0.3243504986166954 0.012639109045267105 0.02199743688106537 0.849898681640625
1 0.45464491844177246 0.4053763225674629 0.034146785736083984 0.029037192463874817 0.8053276824951172
1 0.5053882719948888 0.32226149272173643 0.01717224158346653 0.023881277069449425 0.7637251281738281
1 0.4384322939440608 0.27135773468762636 0.015772437676787376 0.018529990687966347 0.6683549499511718
1 0.5515274880453944 0.3224569270387292 0.019198035821318626 0.026453794911503792 0.6063872146606445
