0 0.5221776738762856 0.567234180867672 0.15292669832706451 0.24511311948299408 0.9889537048339844
0 0.17004217579960823 0.30889294669032097 0.0591515377163887 0.06490936130285263 0.9856838989257812
0 0.8856868669390678 0.7478411048650742 0.1894824355840683 0.25704023241996765 0.9753555297851563
0 0.3042941018939018 0.2996520325541496 0.06790898740291595 0.07520000636577606 0.9676038360595703
0 0.24512840993702412 0.3307478232309222 0.03634742274880409 0.015516718849539757 0.7725603485107422
0 0.06330099329352379 0.30871771462261677 0.019054822623729706 0.02839544788002968 0.6999556732177734
0 0.2414347310550511 0.261054452508688 0.013057724572718143 0.016711227595806122 0.6670710754394531
1 0.9113309420645237 0.6889359746128321 0.03441537171602249 0.0412801094353199 0.8860787200927734
1 0.49780862405896187 0.5128127317875624 0.032952405512332916 0.047541018575429916 0.8721952819824219
1 0.54797144792974 0.5012561082839966 0.033253829926252365 0.05245751142501831 0.827171630859375
1 0.29094927525147796 0.27969021117314696 0.008054892532527447 0.014569233171641827 0.8121248626708985
1 0.5390618685632944 0.513351340778172 0.03303508833050728 0.0298487339168787 0.7954989624023437
1 0.8527493048459291 0.686739495024085 0.04096177592873573 0.031469445675611496 0.6213128662109375
4 0.46720473375171423 0.6569145023822784 0.019942251965403557 0.06564551591873169 0.6871324920654297
