0 0.48461591452360153 0.41684404760599136 0.12745027244091034 0.19457150995731354 0.9935338592529297
0 0.7319571450352669 0.5427108630537987 0.15409113466739655 0.20433513820171356 0.9887662506103516
0 0.27414461225271225 0.313162824138999 0.061942800879478455 0.052740197628736496 0.9714299011230468
0 0.6350549831986427 0.921979658305645 0.24410171806812286 0.15317903459072113 0.963546142578125
0 0.1565944366157055 0.32519296184182167 0.05210017412900925 0.025788314640522003 0.9318089294433594
0 0.06425654701888561 0.3081965697929263 0.017958153039216995 0.029494335874915123 0.892673110961914
1 0.5890114698559046 0.9660693891346455 0.06079705432057381 0.06599579006433487 0.9470011901855468
1 0.6738747470080853 0.9708698447793722 0.06047763675451279 0.05446280166506767 0.9102987670898437
1 0.5061290506273508 0.37216623593121767 0.019652653485536575 0.02585856057703495 0.8804043579101563
1 0.4648074386641383 0.37784621585160494 0.025538062676787376 0.028860757127404213 0.8197598266601562
1 0.7052460070699453 0.4936422575265169 0.032503318041563034 0.027999255806207657 0.8022527313232422
1 0.7525093238800764 0.49435242637991905 0.01998322829604149 0.03345506638288498 0.8005039978027344
1 0.699422768317163 0.4848735425621271 0.020581943914294243 0.02666493132710457 0.6911050415039063
4 0.43843122897669673 0.48585087060928345 0.015593401156365871 0.058841705322265625 0.6544658660888671
7 0.5050159972161055 0.360926004126668 0.02515929564833641 0.03768480196595192 0.6162428283691406
