0 0.5184105709195137 0.5482196062803268 0.15092964470386505 0.23922082781791687 0.9942826080322266
0 0.8687804564833641 0.7243940085172653 0.18510310351848602 0.25178810954093933 0.9902700042724609
0 0.16829502023756504 0.31090613454580307 0.058526117354631424 0.06063161790370941 0.9808399200439453
0 0.30065665021538734 0.30100515857338905 0.06591660529375076 0.07328230887651443 0.9805113983154297
1 0.2881044566165656 0.28084763139486313 0.006819629576057196 0.013630732893943787 0.9031226348876953
1 0.8906998233869672 0.6651971694082022 0.027931848540902138 0.03988296911120415 0.8963092803955078
1 0.5433861017227173 0.4934578984975815 0.028767108917236328 0.03532901406288147 0.8783123016357421
1 0.49355741403996944 0.49130337685346603 0.032545726746320724 0.0493035763502121 0.8762570190429687
1 0.5049485862255096 0.4948139376938343 0.034746646881103516 0.03215942531824112 0.785723876953125
1 0.8326984401792288 0.6620546635240316 0.03375549241900444 0.029631268233060837 0.5804001617431641
4 0.790408106520772 0.7903519459068775 0.012910906225442886 0.08142677694559097 0.8457795715332032
4 0.06379827857017517 0.30926727410405874 0.0194353386759758 0.028403444215655327 0.7357981872558593
4 0.46397126093506813 0.6343867853283882 0.019170887768268585 0.06700004637241364 0.7133558654785156
4 0.5786788621917367 0.6397514902055264 0.01642373390495777 0.044487111270427704 0.6203561401367188
