0 0.47993383929133415 0.39812714606523514 0.12155803292989731 0.19363422691822052 0.9933216857910157
0 0.6195303052663803 0.8875895515084267 0.2297649085521698 0.2247682362794876 0.9851216125488281
0 0.7080537304282188 0.5188754349946976 0.15027503669261932 0.20050212740898132 0.9669245147705078
0 0.2694962564855814 0.31683570332825184 0.06107621267437935 0.046904388815164566 0.959451904296875
0 0.06415801495313644 0.3087590178474784 0.018236704170703888 0.02932634763419628 0.9035368347167969
0 0.15009870752692223 0.3298611808568239 0.03863110393285751 0.022773656994104385 0.9024212646484375
1 0.5771117806434631 0.8878105841577053 0.05725574493408203 0.07098077982664108 0.9622151184082032
1 0.45577981043606997 0.35796355456113815 0.021434465423226357 0.03108350932598114 0.8951136779785156
1 0.7272293167188764 0.47259128279984 0.017391839995980263 0.032492462545633316 0.834150161743164
1 0.6562930066138506 0.888928996399045 0.053751055151224136 0.05251142755150795 0.8324781799316406
1 0.6813566880300641 0.47110232803970575 0.02868143655359745 0.02399224229156971 0.745057373046875
1 0.499853334389627 0.35607118997722864 0.017469150945544243 0.023221107199788094 0.6835488891601562
1 0.6773809948936105 0.4627926368266344 0.022020848467946053 0.025502268224954605 0.6285849380493164
4 0.4355639456771314 0.4739879444241524 0.013335037045180798 0.042313411831855774 0.7129468536376953
