0 0.42501839250326157 0.3031810522079468 0.09594176709651947 0.14402461051940918 0.9895759582519531
0 0.4351285472512245 0.46309495717287064 0.14420194923877716 0.22719867527484894 0.9815758514404297
0 0.5335792042315006 0.3631913363933563 0.11565691977739334 0.15265554189682007 0.9805200958251953
0 0.0642137099057436 0.3089988427236676 0.017848718911409378 0.028036216273903847 0.8698888397216797
1 0.4101034440100193 0.267805359326303 0.019870884716510773 0.028342409059405327 0.9574495697021485
1 0.41122881695628166 0.4119821060448885 0.0345248207449913 0.040407393127679825 0.9466600036621093
1 0.46124418266117573 0.4152585156261921 0.03670123592019081 0.029743589460849762 0.8999604034423828
1 0.5493411105126143 0.3275823211297393 0.012845929712057114 0.022882504388689995 0.8365399932861328
1 0.5131863355636597 0.32866618130356073 0.017373085021972656 0.018937768414616585 0.7885269165039063
1 0.4406811911612749 0.2719541769474745 0.01523834839463234 0.01854604110121727 0.6294745254516602
4 0.3748915931209922 0.5481318980455399 0.009132830426096916 0.04596439003944397 0.7338279724121094
