0 0.17097662389278412 0.30752260982990265 0.05948495864868164 0.06557902693748474 0.9874685668945312
0 0.896871916949749 0.766491249203682 0.1926487535238266 0.26348498463630676 0.9794593811035156
0 0.5253467485308647 0.5817982852458954 0.15490840375423431 0.24962013959884644 0.9736426544189453
0 0.24707414954900742 0.3292774436995387 0.0378560870885849 0.017414545640349388 0.9637961578369141
0 0.30663007870316505 0.298856183886528 0.06777579337358475 0.07754847407341003 0.9603414154052734
0 0.24164222972467542 0.2612884370610118 0.01341582927852869 0.01713389717042446 0.8002828216552734
0 0.0634110914543271 0.308487550355494 0.018852809444069862 0.028774233534932137 0.608619041442871
1 0.5008356366306543 0.5285711716860533 0.03292163088917732 0.04056176170706749 0.9301832580566406
1 0.9221425894647837 0.7042624037712812 0.035077858716249466 0.04335790500044823 0.8946959686279297
1 0.29192747082561255 0.27885477477684617 0.009913889691233635 0.01525870431214571 0.8693614959716797
1 0.5504830442368984 0.5257819425314665 0.03188120573759079 0.03489961847662926 0.8682612609863282
1 0.5410955268889666 0.5266398536041379 0.030197206884622574 0.030793139711022377 0.7294124603271485
1 0.8583083432167768 0.6997332666069269 0.0354117713868618 0.040941137820482254 0.6589015197753906
4 0.8160443385131657 0.8402787484228611 0.013003603555262089 0.07144368439912796 0.6177042770385742
