0 0.5109281912446022 0.5188015699386597 0.14473994076251984 0.23003101348876953 0.992989501953125
0 0.8416591137647629 0.6838384419679642 0.17912718653678894 0.24485400319099426 0.9873865509033203
0 0.2955206483602524 0.3036167286336422 0.06586214900016785 0.06977968662977219 0.9837317657470703
0 0.1668183170258999 0.3128011915832758 0.05869423598051071 0.05576779320836067 0.9728336334228516
0 0.06368933990597725 0.30869906675070524 0.01858670264482498 0.02916788123548031 0.864687271118164
1 0.8673170562833548 0.6269366573542356 0.03456993028521538 0.04101845249533653 0.8941409301757812
1 0.5340018672868609 0.45709070190787315 0.02973397634923458 0.048631004989147186 0.8303893280029296
1 0.4885396044701338 0.46894880943000317 0.02979319915175438 0.03951215371489525 0.8178634643554688
1 0.8046220345422626 0.6205018144100904 0.026580175384879112 0.036806460469961166 0.716654052734375
1 0.14896215498447418 0.30222888477146626 0.012110233306884766 0.020736608654260635 0.6600385284423829
1 0.28147956915199757 0.2835622066631913 0.011009279638528824 0.020164715126156807 0.631741828918457
4 0.4582227822393179 0.6032630763947964 0.01824159547686577 0.062149159610271454 0.7361454010009766
4 0.7654462773352861 0.7560676410794258 0.011939112097024918 0.06697382032871246 0.692334213256836
