0 0.4772518388926983 0.38855601847171783 0.12215026468038559 0.18685045838356018 0.9941154479980469
0 0.6110744327306747 0.8644070774316788 0.22178694605827332 0.2664623558521271 0.9810858154296875
0 0.694319874048233 0.504808321595192 0.14746373891830444 0.19591042399406433 0.9707335662841797
0 0.26771922037005424 0.3179912008345127 0.060585133731365204 0.04355991631746292 0.9197859954833985
0 0.0641615567728877 0.30813116766512394 0.017712635919451714 0.029247481375932693 0.8915008544921875
0 0.14845004305243492 0.33258433546870947 0.0380878672003746 0.019541649147868156 0.7796334075927734
1 0.5702011380344629 0.8429188318550587 0.0550435371696949 0.06813088804483414 0.9453669738769531
1 0.6470752116292715 0.8438546825200319 0.053156089037656784 0.05138114467263222 0.8824570465087891
1 0.4573029037564993 0.3463613744825125 0.02534456178545952 0.036689531058073044 0.7971759796142578
1 0.6668384708464146 0.4579773023724556 0.02665437012910843 0.020205095410346985 0.7931224060058594
1 0.49628403224051 0.33873217180371284 0.022257614880800247 0.039689041674137115 0.56065673828125
4 0.4317422453314066 0.45132703334093094 0.01633434370160103 0.06361742317676544 0.7683833312988281
4 0.5247933389618993 0.45951811224222183 0.014832401648163795 0.04119516909122467 0.6121491241455078
