0 0.5154581964015961 0.5367022901773453 0.14928191900253296 0.235433429479599 0.9950946807861328
0 0.857116661965847 0.7075374126434326 0.18285827338695526 0.2470409870147705 0.98935791015625
0 0.2989174611866474 0.3023889735341072 0.06692663580179214 0.07099886238574982 0.9829242706298829
0 0.1672749277204275 0.3123205844312906 0.058947037905454636 0.0592266209423542 0.9794060516357422
0 0.06379520986229181 0.30888118129223585 0.01832367666065693 0.02872619591653347 0.7276643371582031
0 0.2422392088919878 0.26104393787682056 0.013472381979227066 0.017143193632364273 0.5691167831420898
1 0.8791359234601259 0.6503375507891178 0.03192952647805214 0.040342994034290314 0.8928905487060547
1 0.4918699599802494 0.48541196063160896 0.029818661510944366 0.041184403002262115 0.8838204956054687
1 0.541021203622222 0.4838576503098011 0.02695007249712944 0.034907080233097076 0.8464891052246094
1 0.5317646618932486 0.4858056362718344 0.03455514833331108 0.02911956235766411 0.791336669921875
1 0.28438658313825727 0.28298085927963257 0.008358255960047245 0.0144195556640625 0.6833077239990234
4 0.46192348189651966 0.6220477409660816 0.019367758184671402 0.0633951798081398 0.7679730987548828
4 0.5750315310433507 0.6258308794349432 0.017855072394013405 0.04502902552485466 0.76461669921875
