0 0.46132417023181915 0.3533743768930435 0.11030486226081848 0.17238900065422058 0.9946684265136718
0 0.6326665952801704 0.44488807767629623 0.13593889772891998 0.17920713126659393 0.9800303649902343
0 0.5583978742361069 0.7171415984630585 0.1942877471446991 0.3080762028694153 0.9775090026855469
0 0.2546079494059086 0.3256736369803548 0.04334605485200882 0.024944419041275978 0.9591168975830078
0 0.06431811582297087 0.3089120117947459 0.01789131574332714 0.02863246761262417 0.8082034301757812
1 0.4440876580774784 0.3117638770490885 0.022087223827838898 0.03642677143216133 0.9453521728515625
1 0.5249269921332598 0.6551765240728855 0.04479366913437843 0.05743718892335892 0.9318244171142578
1 0.590323006734252 0.6603526100516319 0.04535789415240288 0.0374017208814621 0.835687026977539
1 0.6085235439240932 0.4016498699784279 0.023216120898723602 0.02420671284198761 0.7958519744873047
1 0.6498389327898622 0.4030444025993347 0.016126887872815132 0.028210222721099854 0.7908367156982422
1 0.4799703639000654 0.3168369922786951 0.015154298394918442 0.019831735640764236 0.6569710540771484
4 0.48781150393188 0.8235151171684265 0.029357846826314926 0.09661424160003662 0.7691211700439453
4 0.6368180075660348 0.8189981393516064 0.023733647540211678 0.08585532754659653 0.6848631286621094
