0 0.46660932525992393 0.3633230924606323 0.115016870200634 0.17743027210235596 0.9886610412597656
0 0.5769875347614288 0.776412844657898 0.20380109548568726 0.32588958740234375 0.9791435241699219
0 0.6515591144561768 0.46134889870882034 0.13980865478515625 0.18477065861225128 0.9728441619873047
0 0.25915495678782463 0.31976268254220486 0.045694731175899506 0.026778411120176315 0.9257506561279297
0 0.06412362866103649 0.308416984975338 0.018066871911287308 0.02823720872402191 0.8910323333740234
1 0.5411867257207632 0.7104329187422991 0.04808683320879936 0.06136423721909523 0.9384351348876954
1 0.6708802860230207 0.4182379739359021 0.013719495385885239 0.028867283836007118 0.8603767395019531
1 0.44797543715685606 0.32279358245432377 0.02509959600865841 0.032861072570085526 0.8145423889160156
1 0.60951704159379 0.7140676584094763 0.04733289033174515 0.0398966483771801 0.7056756591796876
1 0.48528169747442007 0.31663740426301956 0.02126954309642315 0.03761263191699982 0.6691286468505859
4 0.6582000609487295 0.8889432363212109 0.02672405168414116 0.07669468969106674 0.7939331817626953
4 0.5038083670660853 0.8872510306537151 0.03085622750222683 0.10081543773412704 0.7800341796875
4 0.42364194989204407 0.43090002797544 0.014689922332763672 0.04297451302409172 0.7407107543945313
