0 0.4954610913991928 0.4585203006863594 0.13766708970069885 0.21505554020404816 0.9925901031494141
0 0.7849032208323479 0.6045808345079422 0.16484235227108002 0.22512993216514587 0.9827705383300781
0 0.16117818094789982 0.3204330913722515 0.055889297276735306 0.04766257852315903 0.9567872619628907
0 0.28447021543979645 0.30942918360233307 0.06311985850334167 0.06253978610038757 0.88070556640625
0 0.06361935846507549 0.3087665168568492 0.01864694431424141 0.02838725410401821 0.8668241882324219
0 0.1857754816301167 0.31726571219041944 0.0070495763793587685 0.009569690562784672 0.692058334350586
1 0.4755152426660061 0.4082844164222479 0.028003565967082977 0.042667727917432785 0.9636498260498046
1 0.5193534968420863 0.40277060866355896 0.02675161324441433 0.044048845767974854 0.9180704498291016
1 0.8079111929982901 0.5518116019666195 0.033502768725156784 0.03998797386884689 0.8008133697509766
1 0.5131690800189972 0.40989707317203283 0.030694961547851562 0.028992263600230217 0.6878068542480469
1 0.7536350088194013 0.5484560364857316 0.02310911752283573 0.028491662815213203 0.6048440933227539
