0 0.4507579915225506 0.33528711646795273 0.10530932992696762 0.16450487077236176 0.9920968627929687
0 0.5974269583821297 0.4125361889600754 0.13038887083530426 0.17136338353157043 0.9871233367919922
0 0.5186232626438141 0.6157411187887192 0.1758108139038086 0.2817070782184601 0.9691085815429688
0 0.06449613533914089 0.30865040235221386 0.017320875078439713 0.028724726289510727 0.8817823791503906
0 0.24672511592507362 0.3318826938048005 0.03782833367586136 0.015187637880444527 0.8048410034179687
1 0.4879879243671894 0.5580092463642359 0.04014454036951065 0.051471907645463943 0.9687983703613281
1 0.43361200112849474 0.29975607246160507 0.020727062597870827 0.024624153971672058 0.9059925079345703
1 0.614623065572232 0.3724411865696311 0.013838640414178371 0.02774706296622753 0.872408218383789
1 0.5472735594958067 0.5631207674741745 0.042009320110082626 0.033516496419906616 0.7764869689941406
4 0.5902667045593262 0.7133666910231113 0.022887229919433594 0.07208133488893509 0.7515238189697265
4 0.4119209568016231 0.4005384612828493 0.011203988455235958 0.03250602260231972 0.6197098541259766
