0 0.4382970593869686 0.31684935837984085 0.09919773787260056 0.1524011343717575 0.9937748718261719
0 0.4720943197607994 0.5246980786323547 0.15891776978969574 0.24726372957229614 0.989569091796875
0 0.560094065964222 0.3818834722042084 0.12214638292789459 0.15953338146209717 0.9891419219970703
0 0.06411035172641277 0.30951647460460663 0.018788699060678482 0.027375370264053345 0.8776979064941406
1 0.44379866123199463 0.4730386771261692 0.03751420974731445 0.0456509068608284 0.947140884399414
1 0.5778012555092573 0.3445784170180559 0.014249738305807114 0.02467447891831398 0.8818228912353515
1 0.4223776562139392 0.2773496303707361 0.021197637543082237 0.03601856902241707 0.8221340942382812
1 0.4984039720147848 0.47836900409311056 0.03917522355914116 0.0284584891051054 0.7882749176025391
1 0.538391045294702 0.3463255725800991 0.02434895746409893 0.026560239493846893 0.7191972351074218
4 0.4131352202966809 0.6142937205731869 0.026195207610726357 0.06646304577589035 0.7488914489746094
4 0.5376518927514553 0.6090573333203793 0.019672267138957977 0.06784611195325851 0.7459396362304688
4 0.40036079473793507 0.3713187836110592 0.01230723038315773 0.04212801903486252 0.6302655792236328
