0 0.4561084769666195 0.3446640148758888 0.10857855528593063 0.16703929007053375 0.9907049560546874
0 0.6143074259161949 0.4290556460618973 0.1325395554304123 0.17431434988975525 0.98242431640625
0 0.5387098863720894 0.6664293557405472 0.1834152489900589 0.2897649109363556 0.9612075042724609
0 0.250273946672678 0.328766779974103 0.040495969355106354 0.019271764904260635 0.9510545349121093
0 0.06507814582437277 0.30862023308873177 0.016965245828032494 0.0268847718834877 0.8712751007080078
1 0.5063744839280844 0.6057385206222534 0.04289264604449272 0.055280447006225586 0.9470571136474609
1 0.5693349801003933 0.6090191788971424 0.043843142688274384 0.039208926260471344 0.9061458587646485
1 0.43897613510489464 0.30947329197078943 0.020941130816936493 0.02449849434196949 0.8303926086425781
1 0.6320675653405488 0.387805812060833 0.014972814358770847 0.02801595628261566 0.830330581665039
1 0.5892631011083722 0.38849846459925175 0.01668325997889042 0.02156795933842659 0.7379378509521485
4 0.4711252013221383 0.7587007321417332 0.02940896339714527 0.1042708232998848 0.7489530944824219
4 0.6137145040556788 0.7632493712007999 0.02332172356545925 0.07904798537492752 0.6666838836669922
