0 0.49750594049692154 0.4627055153250694 0.1361715942621231 0.21748439967632294 0.9939631652832032
0 0.7901741340756416 0.611497551202774 0.16590704023838043 0.22746503353118896 0.9837480926513672
0 0.1613263115286827 0.31948000006377697 0.05565096437931061 0.04612087830901146 0.9470349884033203
0 0.28576186299324036 0.3091212511062622 0.06491446495056152 0.06488358974456787 0.9054861450195313
0 0.06358635518699884 0.30883494205772877 0.018529871478676796 0.02810770645737648 0.7938745880126953
1 0.47601892333477736 0.4174854103475809 0.029437636956572533 0.033972252160310745 0.9114168548583984
1 0.8119065603241324 0.5591973606497049 0.030557123944163322 0.03867577388882637 0.8911695861816407
1 0.5201698979362845 0.4062412176281214 0.027704207226634026 0.044549304991960526 0.8116226959228515
1 0.271886567119509 0.2893145242705941 0.008193333633244038 0.01400807686150074 0.743521728515625
1 0.4900056440383196 0.416594497859478 0.02678496018052101 0.029320046305656433 0.585808334350586
3 0.5077071962878108 0.41791949421167374 0.017946815118193626 0.020670488476753235 0.8423597717285156
4 0.44870460592210293 0.5457713082432747 0.016928862780332565 0.05232538282871246 0.6373670196533203
