0 0.5081926882266998 0.5081108883023262 0.14307355880737305 0.2273765355348587 0.9926438903808594
0 0.293364554643631 0.3045833446085453 0.06505298614501953 0.06878859549760818 0.9762910461425781
0 0.16512322798371315 0.31433940678834915 0.056597836315631866 0.05385507643222809 0.9759684753417969
0 0.8308186754584312 0.6679173335433006 0.17627398669719696 0.24046139419078827 0.9735924530029297
0 0.0635699238628149 0.3088399497792125 0.018759656697511673 0.02927226386964321 0.8954472351074219
1 0.8570770137012005 0.6128199547529221 0.03866710513830185 0.038742631673812866 0.8808529663085938
1 0.5312902368605137 0.44654007628560066 0.029991276562213898 0.04778442531824112 0.8547746276855469
1 0.4858167050406337 0.45389633625745773 0.029877280816435814 0.04656080901622772 0.8225144958496093
1 0.27909124875441194 0.2872231910005212 0.010877926833927631 0.018380822613835335 0.7151186370849609
1 0.5262977089732885 0.4568414930254221 0.03143088147044182 0.029561389237642288 0.6040430831909179
4 0.4566154144704342 0.590527705848217 0.01845680922269821 0.0643073171377182 0.7628638458251953
