0 0.46348636224865913 0.35668275505304337 0.11097399145364761 0.17326553165912628 0.9935698699951172
0 0.6403567492961884 0.45175793021917343 0.137393057346344 0.18097339570522308 0.981133041381836
0 0.5665290579199791 0.7397722601890564 0.19645516574382782 0.314481258392334 0.9716674041748047
0 0.2561335191130638 0.32342197839170694 0.04455922544002533 0.02667205221951008 0.9077021789550781
0 0.06412046495825052 0.3088718419894576 0.017981024459004402 0.0285653006285429 0.8529857635498047
1 0.5316211190074682 0.6762698981910944 0.04628149792551994 0.057924170047044754 0.9620635223388672
1 0.6584669630974531 0.4088298222050071 0.014144834131002426 0.027851132676005363 0.8418806457519531
1 0.5983554925769567 0.6815839726477861 0.04570929333567619 0.038267914205789566 0.7503289794921875
1 0.44556382670998573 0.3208910161629319 0.021612294018268585 0.026370691135525703 0.7290849304199218
1 0.6138403136283159 0.4100696723908186 0.02983194962143898 0.030581947416067123 0.591733169555664
4 0.4946147557348013 0.8470283597707748 0.029315661638975143 0.10335370898246765 0.7919818115234375
4 0.6457078652456403 0.8414437919855118 0.024662652984261513 0.09124377369880676 0.6749849700927735
4 0.4208270451053977 0.4186859242618084 0.015489546582102776 0.04900594800710678 0.6199574279785156
