0 0.5437522195279598 0.37065915018320084 0.1198195144534111 0.15666617453098297 0.991701889038086
0 0.4305882900953293 0.3095865771174431 0.09691378474235535 0.15003494918346405 0.98356689453125
0 0.4498269036412239 0.48615559935569763 0.14904101192951202 0.236214280128479 0.9763936614990234
0 0.06383401434868574 0.30892231967300177 0.01889076642692089 0.028306184336543083 0.8668094635009765
1 0.42373704351484776 0.43461637012660503 0.03604011610150337 0.041278328746557236 0.9380928039550781
1 0.47518117912113667 0.44037909153848886 0.03665689006447792 0.02837558276951313 0.8967326354980468
1 0.5603942195884883 0.3328544916585088 0.013060315512120724 0.02419128455221653 0.7765098571777344
1 0.41518855933099985 0.2725954335182905 0.02098347432911396 0.03166913613677025 0.7726903533935547
1 0.5229773009195924 0.3329470856115222 0.01842142827808857 0.02234395407140255 0.7387760162353516
4 0.5124686239287257 0.5668478012084961 0.019372081384062767 0.06588852405548096 0.7674858856201172
4 0.3845554869621992 0.562183678150177 0.009388860315084457 0.07365083694458008 0.713298568725586
