0 0.5159190408885479 0.35311684012413025 0.10966237634420395 0.14831000566482544 0.9892532348632812
0 0.41706736385822296 0.28556234762072563 0.09323075413703918 0.11870419234037399 0.986484375
0 0.41597358137369156 0.4347718134522438 0.1375233680009842 0.21442504227161407 0.9605667877197266
0 0.06385711021721363 0.3091631671413779 0.01881127431988716 0.02701517753303051 0.8519709014892578
1 0.3922372590750456 0.38693289645016193 0.03251167759299278 0.0385114885866642 0.9641256713867188
1 0.5323962648399174 0.3184954281896353 0.011570231057703495 0.022462915629148483 0.9477632904052734
1 0.40288135781884193 0.25948006473481655 0.018206246197223663 0.028807859867811203 0.8655609130859375
1 0.4410698898136616 0.389233254827559 0.03185615688562393 0.026538001373410225 0.8292256927490235
1 0.40163274575024843 0.2678117956966162 0.0194117221981287 0.022135954350233078 0.7150131225585937
1 0.49769303016364574 0.31808657478541136 0.019523557275533676 0.021493276581168175 0.634208869934082
1 0.5424444042146206 0.3179170275107026 0.016822688281536102 0.02489711530506611 0.5836012268066406
