0 0.5172897130250931 0.5420718118548393 0.15061333775520325 0.23813705146312714 0.9949826049804688
0 0.8638631254434586 0.7152371108531952 0.18313828110694885 0.2504938244819641 0.9876228332519531
0 0.29973776265978813 0.30192119628190994 0.06614430993795395 0.07257874310016632 0.983995361328125
0 0.16763922572135925 0.31173286959528923 0.05865335464477539 0.05983313173055649 0.9811191558837891
0 0.06374720204621553 0.3087187986820936 0.018296318128705025 0.02896725758910179 0.8278790283203125
1 0.49309404380619526 0.4890063628554344 0.031672511249780655 0.04501698911190033 0.9204810333251953
1 0.8892999049276114 0.6575046833604574 0.03862113878130913 0.03986776992678642 0.9011695098876953
1 0.5417242962867022 0.48734893649816513 0.028302732855081558 0.0335150808095932 0.8287766265869141
1 0.28658656869083643 0.2829130752943456 0.008971722796559334 0.012082192115485668 0.7982666778564453
4 0.46296750102192163 0.6282399781048298 0.019369157031178474 0.06629882007837296 0.6768955230712891
4 0.7855723779648542 0.7883319854736328 0.012272771447896957 0.07216858863830566 0.6472370910644532
