0 0.5056844130158424 0.34694772213697433 0.10836191475391388 0.1454334706068039 0.9799092102050782
0 0.4115412198007107 0.28196535259485245 0.09224646538496017 0.11600823700428009 0.9759236145019531
0 0.4036267027258873 0.4170842915773392 0.13377444446086884 0.21104606986045837 0.9550386810302735
0 0.06401366554200649 0.30942211858928204 0.018845144659280777 0.02689531072974205 0.826183090209961
1 0.38208906073123217 0.3722323589026928 0.029830360785126686 0.034952543675899506 0.9721553039550781
1 0.42883960995823145 0.37413598969578743 0.031187089160084724 0.02763352543115616 0.92198486328125
1 0.5225154319778085 0.31360397208482027 0.012486966326832771 0.02280409075319767 0.7826567077636719
1 0.3971253912895918 0.2645219201222062 0.017100747674703598 0.020365284755825996 0.7285307312011718
1 0.3991418955847621 0.2578203668817878 0.014613723382353783 0.024252234026789665 0.6944472503662109
1 0.4872811995446682 0.3137311786413193 0.018912188708782196 0.020440787076950073 0.6676986694335938
