0 0.5472916476428509 0.3702087625861168 0.12001743167638779 0.15872006118297577 0.990513916015625
0 0.45380814373493195 0.4932032972574234 0.15278872847557068 0.23668190836906433 0.9896966552734375
0 0.4320845194160938 0.31060314923524857 0.09804884344339371 0.1506708711385727 0.9895767974853515
0 0.06402004696428776 0.30922751780599356 0.0186576209962368 0.02707485668361187 0.8609473419189453
1 0.4272568915039301 0.44121117889881134 0.03518088534474373 0.04342815279960632 0.9442752838134766
1 0.4159619752317667 0.277938692830503 0.019335556775331497 0.02264624647796154 0.8904166412353516
1 0.4790784418582916 0.4435648061335087 0.035755157470703125 0.033316321671009064 0.8888697814941406
1 0.563483539968729 0.33457999862730503 0.015777714550495148 0.026612091809511185 0.7332032775878906
4 0.5160294966772199 0.5765780005604029 0.019619623199105263 0.06170399859547615 0.8044169616699218
4 0.39434443693608046 0.3683815598487854 0.011244392022490501 0.034748613834381104 0.7838622283935547
4 0.3976046284660697 0.5700363218784332 0.025389162823557854 0.08459693193435669 0.7706448364257813
4 0.5042202272452414 0.5887253498658538 0.011098702438175678 0.027411622926592827 0.6675945281982422
