0 0.57221669703722 0.3902325704693794 0.12443186342716217 0.16364379227161407 0.9928392028808594
0 0.442699883133173 0.32076288014650345 0.10237706452608109 0.1566856950521469 0.981535415649414
0 0.4871828556060791 0.552173525094986 0.16454648971557617 0.2546863555908203 0.9785591125488281
0 0.06443814281374216 0.3091147346422076 0.017499366775155067 0.029158612713217735 0.873917236328125
1 0.4594681169837713 0.49563682451844215 0.03543154522776604 0.045662350952625275 0.9572257995605469
1 0.5888594705611467 0.3520013717934489 0.013915125280618668 0.02500033937394619 0.8996685028076172
1 0.5136698503047228 0.49782127514481544 0.0369001068174839 0.03654796630144119 0.8530070495605468
1 0.42687718477100134 0.28845974057912827 0.019303767010569572 0.022270485758781433 0.6738069915771484
4 0.4042591331526637 0.3731205388903618 0.01284036599099636 0.05199788510799408 0.6506749725341797
4 0.5544586619362235 0.6400007829070091 0.02082297019660473 0.06713680922985077 0.6176459121704102
