0 0.49079030752182007 0.4387432560324669 0.13117927312850952 0.20463143289089203 0.9924519348144532
0 0.7615726590156555 0.5735409259796143 0.159881591796875 0.21655386686325073 0.9917879486083985
0 0.2802015021443367 0.31033066660165787 0.06401900947093964 0.05755151808261871 0.9513726043701172
0 0.15811454877257347 0.32343088649213314 0.05502023547887802 0.039090078324079514 0.9150117492675781
0 0.06365658435970545 0.3085183668881655 0.0186662245541811 0.0296919085085392 0.7503573608398437
0 0.6476236060261726 0.9719973746687174 0.16328920423984528 0.05438577011227608 0.7221607208251953
1 0.5126205999404192 0.3919275877997279 0.017870966345071793 0.025556718930602074 0.8153379058837891
1 0.4703445555642247 0.3983191763982177 0.025432491675019264 0.02521328441798687 0.7984669494628907
1 0.7291351798921824 0.5219421358779073 0.02848796918988228 0.022842520847916603 0.7866317749023437
1 0.7249720133841038 0.5154840741306543 0.02108491212129593 0.023707468062639236 0.7577958679199219
1 0.7815600549802184 0.5240994486957788 0.017118198797106743 0.034618575125932693 0.7509819030761719
4 0.443036999553442 0.514272004365921 0.016756407916545868 0.0528564453125 0.6594108581542969
4 0.5432891449891031 0.5166560765355825 0.015526453964412212 0.04114295169711113 0.6477735900878906
7 0.5118924537673593 0.3793524708598852 0.024885209277272224 0.03791568800806999 0.5512119674682617
