0 0.5051214173436165 0.49588798731565475 0.14266373217105865 0.22593383491039276 0.9930754089355469
0 0.8209282234311104 0.6538923010230064 0.17295564711093903 0.2355053871870041 0.9855812072753907
0 0.16412822529673576 0.3157587628811598 0.054578207433223724 0.050424929708242416 0.9780424499511718
0 0.29084909334778786 0.3065137155354023 0.06588996201753616 0.06801644712686539 0.9774707794189453
0 0.0636236285790801 0.3086005998775363 0.018773524090647697 0.029215862974524498 0.9072581481933594
1 0.5011362973600626 0.4456897974014282 0.04052238538861275 0.030142664909362793 0.9151602172851563
1 0.48368840012699366 0.44423939287662506 0.029828103259205818 0.04588320851325989 0.86135009765625
1 0.8421835144981742 0.6001561414450407 0.020329920575022697 0.037025000900030136 0.8010903930664063
1 0.5260493829846382 0.4452938074246049 0.031536832451820374 0.029934154823422432 0.7265359497070313
1 0.27721096854656935 0.2890772456303239 0.011704063042998314 0.018760906532406807 0.7230917358398438
1 0.5362192951142788 0.44398145377635956 0.027266375720500946 0.02906307578086853 0.6041042709350586
4 0.45482943300157785 0.5791891925036907 0.017871158197522163 0.06114044040441513 0.682975082397461
