0 0.47238366678357124 0.37788257747888565 0.11932001262903214 0.18264301121234894 0.9939767456054688
0 0.6767865270376205 0.4867354854941368 0.14285334944725037 0.19257991015911102 0.9896723937988281
0 0.5978883430361748 0.8410996049642563 0.21632133424282074 0.31626495718955994 0.9790767669677735
0 0.2644132487475872 0.3196910619735718 0.06341993063688278 0.04026305675506592 0.9036415863037109
0 0.06440858077257872 0.30863857455551624 0.01755027286708355 0.028309348970651627 0.8507369232177734
1 0.5587538909167051 0.7852134853601456 0.053022827953100204 0.06584766507148743 0.9637059020996094
1 0.4536782167851925 0.3317664247006178 0.02521645277738571 0.04308980330824852 0.9017117309570313
1 0.6327623203396797 0.7844317480921745 0.05043913424015045 0.05211232602596283 0.8801266479492188
1 0.4916742527857423 0.32791575603187084 0.023942725732922554 0.04037969931960106 0.7603536987304688
1 0.6958218300715089 0.4405810246244073 0.016052501276135445 0.030008556321263313 0.6869181823730469
1 0.6501199882477522 0.4402081910520792 0.02052968367934227 0.02305297926068306 0.6543476867675782
4 0.5187673326581717 0.9644140750169754 0.03026122972369194 0.07117190957069397 0.6818460083007812
4 0.42854035878553987 0.4464357793331146 0.014626343734562397 0.046600341796875 0.6805517578125
