0 0.5022913441061974 0.485041543841362 0.13776324689388275 0.2204071581363678 0.9917448425292968
0 0.8102268204092979 0.6399318352341652 0.17039184272289276 0.2320541888475418 0.9879229736328125
0 0.1635062489658594 0.3165131285786629 0.055013734847307205 0.048311248421669006 0.9791822814941407
0 0.28894762694835663 0.3078780397772789 0.06496044993400574 0.06747303903102875 0.9171163177490235
0 0.06348336767405272 0.308636256493628 0.018826035782694817 0.028542356565594673 0.7459952545166015
1 0.831575958058238 0.5859616845846176 0.027915891259908676 0.03720363974571228 0.8182184600830078
1 0.2757312753237784 0.28935742750763893 0.00891860295087099 0.017021603882312775 0.8056961822509766
1 0.5197798134759068 0.4359801560640335 0.03018178977072239 0.029954105615615845 0.7915247344970703
1 0.4817095519974828 0.44009575992822647 0.02870025672018528 0.037706926465034485 0.77528564453125
1 0.5257811583578587 0.4273571018129587 0.02793801575899124 0.04594223573803902 0.766063232421875
1 0.7787585537880659 0.5799593534320593 0.03475850448012352 0.035968583077192307 0.7241822814941407
4 0.45228596683591604 0.5672405455261469 0.01766226999461651 0.05819012597203255 0.7473049163818359
7 0.5250965794548392 0.4239462148398161 0.027371851727366447 0.042903389781713486 0.6832506561279297
