0 0.8727773874998093 0.7326398193836212 0.18343695998191833 0.25297433137893677 0.9905828094482422
0 0.3019542619585991 0.3005303852260113 0.06723766028881073 0.07463743537664413 0.9886289978027344
0 0.16949694976210594 0.31058588437736034 0.06017103046178818 0.06191807612776756 0.9884855651855469
0 0.5192237943410873 0.5544369146227837 0.15107104182243347 0.2399037927389145 0.9851585388183594
0 0.06325179431587458 0.3086693212389946 0.01918645389378071 0.02944265305995941 0.7221231079101562
1 0.543977614492178 0.4903560783714056 0.03068196028470993 0.050131481140851974 0.8910295867919922
1 0.28923265542834997 0.2793416199274361 0.007119147107005119 0.014405512250959873 0.887655029296875
1 0.4951834697276354 0.5049908943474293 0.030941549688577652 0.03893212229013443 0.8633356475830078
1 0.9000315424054861 0.672859312966466 0.03720970079302788 0.04156160727143288 0.8474193572998047
1 0.8356436137109995 0.6695315074175596 0.029070664197206497 0.034857120364904404 0.6822433471679688
1 0.49319095350801945 0.4898551609367132 0.032539207488298416 0.04888949915766716 0.6549710083007813
4 0.4653001604601741 0.6400715932250023 0.02008829079568386 0.07003705203533173 0.6374727630615235
