0 0.5237549692392349 0.5736811980605125 0.15398743748664856 0.2474331110715866 0.9906027221679687
0 0.8916348740458488 0.7566428631544113 0.19017969071865082 0.2590807378292084 0.9862158203125
0 0.17033953592181206 0.3083864524960518 0.05856548994779587 0.06601579487323761 0.9849917602539062
0 0.30547481402754784 0.2993972487747669 0.06779902428388596 0.07575265318155289 0.9775928497314453
0 0.24601704999804497 0.3301964942365885 0.03713666647672653 0.016343463212251663 0.8466075897216797
0 0.2419231990352273 0.26087142527103424 0.013727696612477303 0.016805917024612427 0.6407421112060547
1 0.5000865366309881 0.5151844918727875 0.03336493298411369 0.05757033824920654 0.887900390625
1 0.9152302937582135 0.6967725567519665 0.03094450570642948 0.04147299379110336 0.8574362945556641
1 0.5483890101313591 0.5094061233103275 0.0322100967168808 0.05460561066865921 0.8538927459716796
1 0.2920051855035126 0.2795789269730449 0.00911677721887827 0.01571590267121792 0.8191746520996094
1 0.5389288626611233 0.5217734361067414 0.028677813708782196 0.029351072385907173 0.6613414001464843
4 0.46874568052589893 0.6651275344192982 0.01989990845322609 0.06640008836984634 0.7408185577392579
4 0.5867575211450458 0.6671971268951893 0.017902692779898643 0.04985848814249039 0.7002970123291016
