0 0.49338366091251373 0.44975943863391876 0.13495877385139465 0.21179035305976868 0.9926552581787109
0 0.7752081453800201 0.5920590609312057 0.1624564528465271 0.22249320149421692 0.9839289093017578
0 0.1594343762844801 0.3198657762259245 0.055828627198934555 0.04182657226920128 0.9399443817138672
0 0.2822657488286495 0.3093524444848299 0.06341420859098434 0.059639427810907364 0.8890752410888672
0 0.06371847167611122 0.3090588841587305 0.018912188708782196 0.02922787144780159 0.8219578552246094
1 0.47295432444661856 0.4004572108387947 0.028516991063952446 0.041300371289253235 0.9426869201660156
1 0.7963072219863534 0.5401179790496826 0.029237302020192146 0.036376953125 0.9078612518310547
1 0.5165385799482465 0.4029067540541291 0.023028532043099403 0.027311282232403755 0.8858248901367187
1 0.7476459629833698 0.536634337157011 0.036326028406620026 0.03409423679113388 0.6671912384033203
1 0.5258913598954678 0.4014729494228959 0.02352272719144821 0.025859521701931953 0.6028385162353516
