0 0.41087745502591133 0.28410470858216286 0.09318742901086807 0.12084106355905533 0.9821870422363281
0 0.5049151889979839 0.3457801342010498 0.10829057544469833 0.14483416080474854 0.979860610961914
0 0.40049608051776886 0.4126240983605385 0.13318291306495667 0.20818741619586945 0.9683287811279296
0 0.06441497802734375 0.309066079556942 0.017719142138957977 0.027119502425193787 0.7901603698730468
1 0.3784213401377201 0.36729325354099274 0.030976422131061554 0.03531917929649353 0.9637872314453125
1 0.4250453030690551 0.368027470074594 0.030820591375231743 0.030901534482836723 0.9261965942382813
1 0.5202205460518599 0.31109269708395004 0.011875089257955551 0.022785469889640808 0.8670330810546875
1 0.3957254346460104 0.262914196588099 0.017529677599668503 0.01866200752556324 0.8386700439453125
1 0.48634099401533604 0.3121041627600789 0.017931271344423294 0.02062343992292881 0.6650444793701172
1 0.43259725999087095 0.3727894527837634 0.022059759125113487 0.022500893101096153 0.6533820343017578
