0 0.46037330478429794 0.3511870354413986 0.11035613715648651 0.17046526074409485 0.9938480377197265
0 0.5544705986976624 0.7076220959424973 0.19066613912582397 0.30396875739097595 0.9845603942871094
0 0.6284586116671562 0.4419333413243294 0.1354731172323227 0.17710627615451813 0.9833141326904297
0 0.2539181802421808 0.32647154573351145 0.043105918914079666 0.023908035829663277 0.9691958618164063
0 0.0641810717061162 0.30901853647083044 0.01805778034031391 0.029491452500224113 0.8092105102539062
1 0.521016925573349 0.644611056894064 0.0446162223815918 0.05471598356962204 0.9442298126220703
1 0.44293374847620726 0.30995860882103443 0.02220233343541622 0.03569406643509865 0.9239268493652344
1 0.5855192188173532 0.6524036917835474 0.044617462903261185 0.03392215445637703 0.7175956726074219
1 0.6466739736497402 0.39975620806217194 0.016180865466594696 0.029062002897262573 0.6686765289306641
4 0.6320516066625714 0.8078355751931667 0.02473417855799198 0.08405863493680954 0.8092488861083984
4 0.4854294341057539 0.8108416944742203 0.028176244348287582 0.09727314114570618 0.8072946166992188
4 0.4187392690218985 0.41357348300516605 0.0134518938139081 0.04585285857319832 0.6662358856201172
