0 0.4852863997220993 0.41957665979862213 0.12918433547019958 0.19642958045005798 0.9941600799560547
0 0.7366866990923882 0.5472217127680779 0.15602003037929535 0.20633111894130707 0.9900649261474609
0 0.2751157898455858 0.31286525912582874 0.06110316887497902 0.054174069315195084 0.9544506072998047
0 0.15766663663089275 0.32319730054587126 0.05095883831381798 0.026356449350714684 0.9416709899902344
0 0.6474703401327133 0.9320705309510231 0.22819098830223083 0.13371677696704865 0.9189613342285157
0 0.06444897409528494 0.30814309511333704 0.017502104863524437 0.02958783693611622 0.8936911010742188
1 0.5892540253698826 0.9745643697679043 0.057592518627643585 0.05002283304929733 0.9233661651611328
1 0.46591498237103224 0.3780506756156683 0.02568826638162136 0.0357881598174572 0.9088126373291016
1 0.5074191428720951 0.37521777860820293 0.02045644074678421 0.027244653552770615 0.8693254852294922
1 0.7072131913155317 0.494538264349103 0.02889912948012352 0.03680792823433876 0.7939413452148437
1 0.7577356062829494 0.49893454276025295 0.019103877246379852 0.033187638968229294 0.7382710266113282
1 0.6791137419641018 0.9826719798147678 0.058160655200481415 0.03385258466005325 0.7137108612060546
4 0.4389880932867527 0.49389308132231236 0.015626557171344757 0.04868774488568306 0.6164258575439453
