0 0.4587254002690315 0.34736037254333496 0.10999460518360138 0.16883403062820435 0.99088134765625
0 0.6213803514838219 0.4351340979337692 0.13534431159496307 0.17722967267036438 0.9902482604980469
0 0.5466673970222473 0.6879556775093079 0.18936020135879517 0.29509079456329346 0.958707046508789
0 0.25304374657571316 0.32799210399389267 0.04211847111582756 0.022565826773643494 0.9501295471191407
0 0.06440409366041422 0.3088793456554413 0.017867641523480415 0.029406964778900146 0.7802604675292969
1 0.5134748388081789 0.6253383718430996 0.043828997761011124 0.055214039981365204 0.952094955444336
1 0.44137045182287693 0.310303702019155 0.02218179777264595 0.029375938698649406 0.8981478118896484
1 0.6390015203505754 0.393642071634531 0.013959947973489761 0.02675015479326248 0.8577237701416016
1 0.5770666170865297 0.6279886048287153 0.04338792338967323 0.04171758517622948 0.7927383422851563
1 0.5959235904738307 0.3932456560432911 0.017260169610381126 0.020019926130771637 0.6986936950683593
1 0.6470473166555166 0.3932793568819761 0.025104712694883347 0.02923211082816124 0.6549237060546875
1 0.4759110985323787 0.31136974785476923 0.014498328790068626 0.01856553740799427 0.6021554946899415
4 0.47901127953082323 0.7873985506594181 0.02790536917746067 0.09490949660539627 0.8106088256835937
