0 0.4946316033601761 0.45309238135814667 0.13583382964134216 0.2143239676952362 0.9937587738037109
0 0.7798671647906303 0.5980387330055237 0.16312585771083832 0.22314780950546265 0.9842964935302735
0 0.16107577830553055 0.3200649507343769 0.05596090853214264 0.043820954859256744 0.9357990264892578
0 0.06357981823384762 0.3091727579012513 0.018745828419923782 0.028462784364819527 0.8722733306884766
0 0.2834356687963009 0.3092384897172451 0.06416570395231247 0.061100177466869354 0.8463469696044922
1 0.473478595726192 0.4046098217368126 0.02764495275914669 0.036338552832603455 0.9221885681152344
1 0.8019969305023551 0.5465266481041908 0.030543772503733635 0.03777177631855011 0.8945549774169922
1 0.5178412441164255 0.4056344861164689 0.021546650677919388 0.027331458404660225 0.8937052154541015
1 0.7494365610182285 0.5434316005557775 0.02760804444551468 0.026683609932661057 0.6266000747680665
4 0.44622824992984533 0.5318818725645542 0.01732298545539379 0.05856526643037796 0.6926094055175781
