0 0.4402049519121647 0.3190988525748253 0.09929335862398148 0.15410108864307404 0.990354995727539
0 0.5666932053864002 0.38562826812267303 0.12320677191019058 0.16294214129447937 0.9864068603515626
0 0.4796487167477608 0.5393063426017761 0.16213162243366241 0.2475416660308838 0.9840067291259765
0 0.06417266838252544 0.30907472409307957 0.017835799604654312 0.027581024914979935 0.8835271453857422
1 0.4511148277670145 0.48561819829046726 0.03698711469769478 0.043990183621644974 0.9660958099365234
1 0.5058275405317545 0.48592371493577957 0.03746442869305611 0.03862573206424713 0.93896728515625
1 0.5828789910301566 0.3489861972630024 0.01400705985724926 0.0239245668053627 0.8961455535888672
1 0.424362363293767 0.28756745159626007 0.01984507218003273 0.01934322714805603 0.6541506958007812
4 0.4022333025932312 0.3702873960137367 0.012520313262939453 0.05190683901309967 0.7393495178222657
4 0.5334164700470865 0.6413170443847775 0.01273075770586729 0.026480386033654213 0.699525146484375
4 0.5456689158454537 0.6263774950057268 0.020237477496266365 0.06188196316361427 0.6286780166625977
4 0.41232185577973723 0.6193199828267097 0.013147513382136822 0.07334758341312408 0.581204719543457
8 0.10883245803415775 0.4660137742757797 0.02362244203686714 0.17046532034873962 0.6293610382080078
