0 0.4656411223113537 0.3616957515478134 0.11334308236837387 0.17620858550071716 0.9899288940429688
0 0.6476803347468376 0.4589045122265816 0.1394098848104477 0.18436403572559357 0.975987548828125
0 0.5731220990419388 0.7642465382814407 0.2009376585483551 0.3207073509693146 0.9692171478271484
0 0.2601265199482441 0.3221078757196665 0.05295956879854202 0.029569555073976517 0.9423017883300782
0 0.06382452789694071 0.30870518647134304 0.018594900146126747 0.028481971472501755 0.8499053192138671
1 0.5382040459662676 0.6985976956784725 0.04704386368393898 0.05964677780866623 0.9341269683837891
1 0.4470710698515177 0.3220227900892496 0.02390317991375923 0.0313832052052021 0.8747090911865234
1 0.6063257660716772 0.7023744899779558 0.04647795483469963 0.03935450688004494 0.8608413696289062
1 0.6663134256377816 0.4150587674230337 0.01516774483025074 0.028810035437345505 0.829696044921875
1 0.48377861734479666 0.32306898292154074 0.016946537420153618 0.02008957974612713 0.5592496490478516
4 0.42290700459852815 0.42426791973412037 0.013998349197208881 0.05094027891755104 0.8183721160888672
4 0.5007346607744694 0.8815259896218777 0.030305035412311554 0.08542870730161667 0.8018788909912109
