0 0.5041379332542419 0.49006306380033493 0.14167213439941406 0.22277645766735077 0.9884981536865234
0 0.16462316550314426 0.31592043302953243 0.05561836436390877 0.04846767708659172 0.9842865753173828
0 0.8159089982509613 0.6467322185635567 0.1722002625465393 0.23640407621860504 0.9829113006591796
0 0.2896290197968483 0.30725058168172836 0.06640340387821198 0.06829856336116791 0.9714196014404297
0 0.06373701151460409 0.3080976903438568 0.018299369141459465 0.02862495183944702 0.8268773651123047
1 0.4825968602672219 0.44142619147896767 0.029294045642018318 0.04179150611162186 0.873893814086914
1 0.2755686780437827 0.2884659213013947 0.008620230481028557 0.014987238682806492 0.8724539184570312
1 0.8418097887188196 0.5916023906320333 0.03899892047047615 0.04024161025881767 0.8500324249267578
1 0.5283997496590018 0.4392108228057623 0.02694651298224926 0.03363345190882683 0.7975508880615234
4 0.7419448615983129 0.7142402343451977 0.011667633429169655 0.0679142102599144 0.7948370361328125
4 0.45336075220257044 0.5730816274881363 0.017780335620045662 0.05974963307380676 0.6559368896484375
7 0.5272355638444424 0.43032688088715076 0.02727162092924118 0.044049326330423355 0.5767844772338867
