0 0.16990446485579014 0.3098241835832596 0.0607047863304615 0.0637572705745697 0.9847922515869141
0 0.5202859565615654 0.5606211200356483 0.1516306847333908 0.2425425797700882 0.98318603515625
0 0.880518414080143 0.7397351264953613 0.18679650127887726 0.25774478912353516 0.9798350524902344
0 0.3034965395927429 0.2999129220843315 0.06738901138305664 0.07456235587596893 0.9649109649658203
0 0.06307619344443083 0.30876317992806435 0.019464096054434776 0.02884060889482498 0.7232957458496094
1 0.4970415849238634 0.5054520107805729 0.030838552862405777 0.04643995314836502 0.9058943176269532
1 0.9049363564699888 0.681000517681241 0.03322550281882286 0.0427076555788517 0.8801455688476563
1 0.5461590997874737 0.49714443273842335 0.03305377811193466 0.052709225565195084 0.8389082336425782
1 0.29005657648667693 0.2798615521751344 0.00915400218218565 0.014533544890582561 0.72497314453125
1 0.848134370520711 0.6769394781440496 0.040829721838235855 0.03894947096705437 0.5724666595458985
4 0.5819196300581098 0.654360719025135 0.017538705840706825 0.04660440981388092 0.6312222290039062
