0 0.4779035374522209 0.3910798132419586 0.12241290509700775 0.19038617610931396 0.9918595123291015
0 0.6130797117948532 0.8737620338797569 0.22629442811012268 0.24988465011119843 0.9821190643310547
0 0.6988524496555328 0.5097218602895737 0.1488209366798401 0.1962851583957672 0.9767041015625
0 0.26856736466288567 0.318021297454834 0.06044828146696091 0.045346975326538086 0.9391093444824219
0 0.06400952395051718 0.3082776693627238 0.017882009968161583 0.02864772640168667 0.8640744018554688
0 0.14928624592721462 0.3305593291297555 0.03791467472910881 0.01938680000603199 0.833600845336914
1 0.6495393998920918 0.8575806804001331 0.05248222500085831 0.052903689444065094 0.9651061248779297
1 0.5721023362129927 0.8568030185997486 0.05651563033461571 0.06924692541360855 0.9627591705322266
1 0.458649480715394 0.3474692143499851 0.02530365064740181 0.03864765912294388 0.8960600280761719
1 0.7184687377884984 0.4632383156567812 0.013808632269501686 0.03119489923119545 0.7151122283935547
1 0.4966979203745723 0.3406452499330044 0.024257754907011986 0.04117923229932785 0.6397809982299805
1 0.673379922285676 0.461641201749444 0.03126697614789009 0.028691072016954422 0.5811005401611328
