0 0.5065660625696182 0.502890832722187 0.14359423518180847 0.22442646324634552 0.9913472747802734
0 0.8258722573518753 0.6611689254641533 0.17428341507911682 0.23723410069942474 0.9906836700439453
0 0.29195256531238556 0.3053133562207222 0.06505629420280457 0.0678691416978836 0.9771646881103515
0 0.16481159441173077 0.31477731093764305 0.05633705481886864 0.05113016813993454 0.9755011749267578
0 0.06358547229319811 0.30863077845424414 0.01863911934196949 0.02878573350608349 0.9084011077880859
1 0.5304552316665649 0.4431294333189726 0.030566692352294922 0.044264163821935654 0.8832919311523437
1 0.48434280324727297 0.4512545056641102 0.029343286529183388 0.043307043612003326 0.8759262847900391
1 0.8477872014045715 0.6057638190686703 0.023985862731933594 0.0383182093501091 0.8519479370117188
1 0.7898449897766113 0.6013836301863194 0.027937889099121094 0.03384710103273392 0.6930709075927735
1 0.5013465378433466 0.44898240081965923 0.0406850166618824 0.034713294357061386 0.6849263000488282
1 0.2773067611269653 0.2874838840216398 0.011288992129266262 0.01983865723013878 0.6215457916259766
4 0.5625823177397251 0.5897431187331676 0.018573887646198273 0.047483883798122406 0.8645716857910156
4 0.45569473691284657 0.5848238561302423 0.0186958946287632 0.060342688113451004 0.6418926239013671
7 0.5301692485809326 0.44065795093774796 0.02953815460205078 0.046868160367012024 0.6629856872558594
