0 0.5817111954092979 0.3984970822930336 0.126911923289299 0.1654573231935501 0.9937232208251953
0 0.44575274735689163 0.3272632136940956 0.10293127596378326 0.15974827110767365 0.9928776550292969
0 0.49933966249227524 0.5735018700361252 0.16810815036296844 0.26510700583457947 0.9907386016845703
0 0.06457868311554193 0.3097078362479806 0.017899418249726295 0.027861984446644783 0.8632494354248047
1 0.4690750949084759 0.5166405495256186 0.03979959338903427 0.04739798232913017 0.9600440979003906
1 0.4291546521708369 0.2881757039576769 0.021424388512969017 0.031771425157785416 0.9440567779541016
1 0.5977804861031473 0.35944389551877975 0.013995806686580181 0.026448652148246765 0.9321707153320312
1 0.5603095889091492 0.36097531765699387 0.023706436157226562 0.023878082633018494 0.8184690856933594
4 0.4371399637311697 0.657625075429678 0.027594756335020065 0.09692608565092087 0.75026611328125
4 0.40793709736317396 0.38829333893954754 0.012582873925566673 0.035383548587560654 0.6364332962036133
4 0.567187488079071 0.6678494960069656 0.021971702575683594 0.0640973150730133 0.6317383193969727
