0 0.4842992164194584 0.41356389969587326 0.12476027756929398 0.1941678375005722 0.9935704803466797
0 0.6305999010801315 0.9142438992857933 0.24406811594963074 0.17044322192668915 0.978482437133789
0 0.7277804166078568 0.5378136187791824 0.1540408432483673 0.2032393515110016 0.9691786193847656
0 0.27323345467448235 0.31422783993184566 0.062022559344768524 0.05059574171900749 0.9685317993164062
0 0.1544236447662115 0.3254979308694601 0.04654819890856743 0.02565307542681694 0.9298075103759765
0 0.06404722668230534 0.3084260877221823 0.018499787896871567 0.029890667647123337 0.8319393920898438
1 0.5868834648281336 0.9506224505603313 0.059991199523210526 0.0739370808005333 0.9498158264160156
1 0.4638146599754691 0.3638765197247267 0.026448218151926994 0.04685651883482933 0.9013561248779297
1 0.5036277687177062 0.36023717373609543 0.02643607370555401 0.04163549840450287 0.8854031372070312
1 0.6696872189640999 0.9538889955729246 0.05677630007266998 0.05211266502737999 0.8804376220703125
1 0.514014502055943 0.365853488445282 0.021899858489632607 0.026246190071105957 0.635676383972168
