0 0.42641251161694527 0.30457857996225357 0.09635219722986221 0.14627717435359955 0.9884690856933593
0 0.43809425085783005 0.46789300441741943 0.14456383883953094 0.23044639825820923 0.9822465515136719
0 0.5344682298600674 0.36448362469673157 0.1180332824587822 0.15270453691482544 0.9796907043457032
0 0.0639266399666667 0.3091189479455352 0.018237276002764702 0.027925534173846245 0.8756059265136719
1 0.41415268927812576 0.4177428372204304 0.033636823296546936 0.0393969789147377 0.9710691833496093
1 0.46466770954430103 0.42016252409666777 0.03551870957016945 0.030979325994849205 0.9244277191162109
1 0.5509124039672315 0.328252837061882 0.012814330868422985 0.023497432470321655 0.896532974243164
1 0.4112233417108655 0.27148166485130787 0.01930348016321659 0.026035252958536148 0.8951628875732421
1 0.5149925351142883 0.329341652803123 0.01828479766845703 0.020350223407149315 0.6274263763427734
4 0.38679398503154516 0.54309406504035 0.02162262611091137 0.07875507324934006 0.7382196044921875
4 0.48950159968808293 0.5636202674359083 0.010745652951300144 0.027682777494192123 0.6266156387329102
4 0.3769158343784511 0.5423118285834789 0.010484918020665646 0.07070990651845932 0.6080411529541015
