0 0.3506270535290241 0.2907596826553345 0.0776434913277626 0.09449499845504761 0.9919005584716797
0 0.5893077999353409 0.8939095959067345 0.2091703712940216 0.2121749371290207 0.9918396759033203
0 0.20125479251146317 0.29202916845679283 0.07200746238231659 0.09209667891263962 0.9853574371337891
0 0.2714944835752249 0.3106789607554674 0.05978412553668022 0.05684984102845192 0.9765807342529297
0 0.06387232895940542 0.30855085141956806 0.018698951229453087 0.0295088030397892 0.6405970001220703
1 0.5531194098293781 0.891345527023077 0.04869136959314346 0.0638309046626091 0.9060550689697265
1 0.336855067871511 0.2644657762721181 0.009012190625071526 0.01706760562956333 0.8784844970703125
1 0.340460286475718 0.26661917520686984 0.014749081805348396 0.010573267005383968 0.8387325286865235
1 0.6238010171800852 0.8702354617416859 0.042923737317323685 0.0694594755768776 0.8232392883300781
1 0.18728471687063575 0.26591434236615896 0.00887684803456068 0.017243845388293266 0.6302059173583985
3 0.21500526554882526 0.26637165527790785 0.014156166464090347 0.016111528500914574 0.5661122131347657
