0 0.5659545212984085 0.7917124778032303 0.1884041130542755 0.3075468838214874 0.9943712615966797
0 0.18815703690052032 0.29541638121008873 0.06910562515258789 0.08557366579771042 0.9891336822509765
0 0.3335641957819462 0.2925862520933151 0.07253224402666092 0.09034240245819092 0.9782256317138672
0 0.26155209727585316 0.31724871322512627 0.05779365077614784 0.04386695474386215 0.9746426391601563
0 0.9631434604525566 0.9286222532391548 0.07252953946590424 0.14275552332401276 0.9642920684814453
0 0.0632166750729084 0.30888764560222626 0.019541680812835693 0.030699580907821655 0.7034829711914062
4 0.6415916169062257 0.9052650760859251 0.022117869928479195 0.061544742435216904 0.8692423248291016
4 0.498749490827322 0.9075560010969639 0.026042811572551727 0.07798207551240921 0.858320083618164
4 0.5340196061879396 0.7447084402665496 0.03350165858864784 0.02841000072658062 0.8043748474121094
1 0.3201169134117663 0.26924672489985824 0.007504177279770374 0.014601106755435467 0.8423332214355469
1 0.5959565248340368 0.7244275175035 0.03526465222239494 0.043075673282146454 0.8402114868164062
1 0.5327003039419651 0.7333083599805832 0.040141232311725616 0.050072282552719116 0.8359795379638671
