0 0.583004780113697 0.869668498635292 0.20374901592731476 0.25858011841773987 0.9954735565185547
0 0.34559648111462593 0.29085640236735344 0.07566986232995987 0.09387772530317307 0.9914554595947266
0 0.19736849889159203 0.29300525039434433 0.07149570435285568 0.09060423076152802 0.9894745635986328
0 0.2675288151949644 0.312756123021245 0.05907842144370079 0.05103570595383644 0.9778176879882813
0 0.06403583101928234 0.30846498999744654 0.018603671342134476 0.03000638075172901 0.7859897613525391
1 0.5493771433830261 0.8359545301645994 0.04155731201171875 0.06101509556174278 0.887669677734375
1 0.6168329082429409 0.8284947462379932 0.03999888151884079 0.04180733114480972 0.8268872833251953
1 0.3313803751952946 0.26556449104100466 0.011862055398523808 0.015149632468819618 0.7664106750488281
1 0.18531665415503085 0.26772763207554817 0.0074608963914215565 0.012996532022953033 0.7342579650878907
4 0.5476790275424719 0.8520323988050222 0.0345260314643383 0.030710291117429733 0.7101609039306641
