0 0.5353586673736572 0.6282490491867065 0.1638074517250061 0.2640143632888794 0.9962835693359375
0 0.9162186458706856 0.8211826831102371 0.16756273806095123 0.27673640847206116 0.9898382568359375
0 0.17623057588934898 0.30343181639909744 0.06442584842443466 0.0701732188463211 0.9850784301757812
0 0.31344185769557953 0.29792211949825287 0.06926301121711731 0.08065244555473328 0.9719417572021485
0 0.251095587387681 0.32622229401022196 0.040978241711854935 0.02366499789059162 0.9693928527832031
0 0.0638024304062128 0.3086104989051819 0.018654290586709976 0.029494166374206543 0.8502848815917968
1 0.5101707503199577 0.5733683053404093 0.03383992612361908 0.04569481685757637 0.9207558441162109
1 0.9549492402002215 0.755533792078495 0.030993780121207237 0.045151546597480774 0.8675164794921875
1 0.5514389192685485 0.5708664897829294 0.031144840642809868 0.03365128114819527 0.79629638671875
1 0.5642146784812212 0.5701542310416698 0.02692515030503273 0.035643063485622406 0.7245563507080078
1 0.8989431541413069 0.7509452681988478 0.044471677392721176 0.04108547791838646 0.6889674377441406
4 0.6008964497596025 0.7262635603547096 0.01978117600083351 0.05452699959278107 0.8285108947753906
4 0.47757462225854397 0.7267536036670208 0.02078838273882866 0.06824889034032822 0.7571074676513672
4 0.8479824541136622 0.9033026546239853 0.012966727837920189 0.06698223948478699 0.6027806854248047
