0 0.5701160728931427 0.8274968564510345 0.19229835271835327 0.31737297773361206 0.9941289520263672
0 0.3376038819551468 0.29259007051587105 0.07557150721549988 0.09103212505578995 0.9846449279785157
0 0.19105051457881927 0.29453524947166443 0.0698871910572052 0.08765852451324463 0.9820721435546875
0 0.2637512478977442 0.3157304059714079 0.05673225596547127 0.045909371227025986 0.9562503814697265
0 0.0642108703032136 0.30834616627544165 0.017785588279366493 0.029381362721323967 0.8053091430664062
0 0.9741551913321018 0.9482244700193405 0.05138600617647171 0.1026061475276947 0.7385130310058594
1 0.5392360202968121 0.766232505440712 0.04028644412755966 0.054915815591812134 0.9202274322509766
1 0.6010605376213789 0.7567649912089109 0.043609555810689926 0.04239388927817345 0.8532367706298828
1 0.32495602779090405 0.2663875175639987 0.008528169244527817 0.017627885565161705 0.7193743896484375
4 0.649643556214869 0.942947831004858 0.02213052101433277 0.06301682442426682 0.8551538848876953
4 0.5030008750036359 0.9455726407468319 0.025367895141243935 0.07880847901105881 0.832390365600586
3 0.20491525810211897 0.2714013201184571 0.010776614770293236 0.013658651150763035 0.6377571105957032
