0 0.9261931553483009 0.8574099540710449 0.14517612755298615 0.28208351135253906 0.9933669281005859
0 0.5415446907281876 0.6632140576839447 0.16833540797233582 0.2723453640937805 0.9927679443359375
0 0.1780843548476696 0.3004603236913681 0.06659402698278427 0.0744258463382721 0.9864484405517578
0 0.31805818900465965 0.29662251472473145 0.07003682106733322 0.08396202325820923 0.9839702606201172
0 0.25218365900218487 0.32351932395249605 0.04841702803969383 0.029163191094994545 0.9613720703125
1 0.9817488826811314 0.7940948288887739 0.033799298107624054 0.048577483743429184 0.9366717529296875
1 0.5149617455899715 0.6062161047011614 0.03642641752958298 0.051535431295633316 0.8379837036132812
1 0.3049119054339826 0.2724904688075185 0.010057258419692516 0.015782052651047707 0.7954298400878906
1 0.5702054463326931 0.5919921137392521 0.035712115466594696 0.05909497290849686 0.7840419769287109
1 0.16564171807840466 0.28153938613831997 0.009670511819422245 0.014559399336576462 0.6407318115234375
1 0.9140622969716787 0.7907293513417244 0.031295012682676315 0.03601159155368805 0.6148109436035156
4 0.4820323847234249 0.7640758231282234 0.022455088794231415 0.07010187208652496 0.7918522644042969
4 0.6104467827826738 0.7647334430366755 0.0186501182615757 0.05294110253453255 0.6862664794921876
4 0.5155599415302277 0.6168936584144831 0.03315925598144531 0.031396765261888504 0.6741092681884766
4 0.06382213812321424 0.30885775573551655 0.01838931255042553 0.029696796089410782 0.6687641906738281
4 0.8697717390023172 0.9400280714035034 0.01327387522906065 0.07686507701873779 0.6033780670166016
3 0.32621095003560185 0.2733288868330419 0.01184666994959116 0.013429316692054272 0.5707526397705078
