0 0.5619573444128036 0.770734578371048 0.18386611342430115 0.30236953496932983 0.9939020538330078
0 0.18676449358463287 0.29611334949731827 0.06860730051994324 0.08521570265293121 0.9898912048339844
0 0.33126822486519814 0.29309406504034996 0.07328469306230545 0.09000634402036667 0.9817304992675782
0 0.26041295006871223 0.31877798587083817 0.05736745148897171 0.042122140526771545 0.9699706268310547
0 0.9578387476503849 0.9165772050619125 0.08399207144975662 0.1668456494808197 0.9584627532958985
0 0.06316707283258438 0.30880097951740026 0.01939142495393753 0.030894724652171135 0.8054685974121094
4 0.49589324556291103 0.8816882558166981 0.025020312517881393 0.0802016630768776 0.8959688568115234
4 0.6367335515096784 0.8822613339871168 0.02168814279139042 0.05976545438170433 0.8888440704345704
4 0.5309697426855564 0.723516852594912 0.033009178936481476 0.02663964219391346 0.8418486785888671
1 0.9800863023847342 0.9120955243706703 0.03286285325884819 0.03270585834980011 0.8190745544433594
1 0.5306179281324148 0.7120465897023678 0.03867311403155327 0.0495029017329216 0.8095489501953125
1 0.592910086736083 0.7025021370500326 0.03653354570269585 0.042510759085416794 0.792229232788086
1 0.3183436612598598 0.2664287742227316 0.008639081381261349 0.015115808695554733 0.7038836669921875
1 0.31556467432528734 0.26868809573352337 0.00914611853659153 0.01740434393286705 0.6503125762939453
3 0.199205769225955 0.27322843857109547 0.009952481836080551 0.012321952730417252 0.7696258544921875
