0 0.5264852941036224 0.5887964069843292 0.15637820959091187 0.25155746936798096 0.9899581146240234
0 0.17202157713472843 0.3075520284473896 0.06075938418507576 0.0672786608338356 0.9896088409423828
0 0.9034494906663895 0.7731802761554718 0.1926349699497223 0.2636520266532898 0.98124267578125
0 0.30786752328276634 0.29856885224580765 0.0679691955447197 0.07729209959506989 0.9667015838623046
0 0.24780586920678616 0.3287991238757968 0.038589876145124435 0.018199017271399498 0.9637702941894531
0 0.0636163679882884 0.30877446476370096 0.018765470013022423 0.02921264059841633 0.7416033935546875
0 0.24239262426272035 0.26121859066188335 0.012455065734684467 0.017102446407079697 0.6610250854492188
1 0.9255497539415956 0.7125597763806581 0.031031863763928413 0.042169246822595596 0.9247225952148438
1 0.5024409182369709 0.5343364588916302 0.03236255794763565 0.04558195918798447 0.897940673828125
1 0.2923573572188616 0.2783054830506444 0.011824671179056168 0.016437077894806862 0.8387972259521485
1 0.5529652237892151 0.5306314993649721 0.029413223266601562 0.0337856151163578 0.8173208618164063
1 0.8621409256011248 0.7077191062271595 0.029792848974466324 0.036805666983127594 0.7343164825439453
4 0.470910687930882 0.6786692962050438 0.021714845672249794 0.07271163165569305 0.8157829284667969
4 0.5910362042486668 0.6844909265637398 0.018426068127155304 0.05019678175449371 0.8038257598876953
