0 0.555777445435524 0.7385009378194809 0.1794690191745758 0.2930520474910736 0.9948157501220704
0 0.18411165848374367 0.29691170901060104 0.06721765547990799 0.08240149915218353 0.9902679443359375
0 0.3271387331187725 0.2929910346865654 0.07379230111837387 0.0900619775056839 0.9836505126953125
0 0.9490782767534256 0.8975547477602959 0.10184338688850403 0.20396552979946136 0.9605507659912109
0 0.258288249373436 0.319829735904932 0.056595563888549805 0.038722820580005646 0.9469612884521484
0 0.06416673399508 0.30931638926267624 0.018213804811239243 0.030102595686912537 0.839178695678711
1 0.5268587227910757 0.6777410004287958 0.0392119400203228 0.05665447190403938 0.9087650299072265
1 0.5851350389420986 0.6630324423313141 0.03677736967802048 0.06066673994064331 0.8800540924072265
1 0.3146043876186013 0.2694600112736225 0.008329899981617928 0.016491331160068512 0.6192333602905273
4 0.4920252161100507 0.848805520683527 0.02312246896326542 0.07308513671159744 0.8044451904296875
4 0.6292110402137041 0.847337007522583 0.02077871933579445 0.056936025619506836 0.7842069244384766
4 0.913402998354286 0.9688407089561224 0.014634895138442516 0.06160877272486687 0.7518379211425781
4 0.5267658112570643 0.690448697656393 0.030610179528594017 0.03182779997587204 0.6442779541015625
3 0.19802645547315478 0.2747507141903043 0.012109502218663692 0.014286408200860023 0.5993050384521484
