0 0.5758502632379532 0.8446749150753021 0.19712504744529724 0.3061828017234802 0.9939249420166015
0 0.1926506906747818 0.29377634078264236 0.0706799328327179 0.08853770792484283 0.9879811096191407
0 0.3400029093027115 0.2921924516558647 0.0749373733997345 0.09165547788143158 0.9837158966064453
0 0.26514394767582417 0.3145950064063072 0.05795005336403847 0.04754339158535004 0.9783373260498047
0 0.06383669842034578 0.30835040006786585 0.018659012392163277 0.02919110842049122 0.7781173706054687
1 0.6054859589785337 0.7655002884566784 0.0389685295522213 0.06633719056844711 0.8981843566894532
1 0.5427392367273569 0.788561187684536 0.03952770307660103 0.054640933871269226 0.8863719177246093
1 0.32672264985740185 0.2668157275766134 0.009555276483297348 0.019723426550626755 0.6673860168457031
3 0.17843604506924748 0.27195713436231017 0.013451226986944675 0.009000311605632305 0.8795069122314453
3 0.20583701319992542 0.27019097562879324 0.00860554352402687 0.012980623170733452 0.777081298828125
4 0.5049380715936422 0.9668583199381828 0.024609755724668503 0.06628333032131195 0.8164700317382813
4 0.653436585329473 0.9672923348844051 0.024658648297190666 0.06446092575788498 0.7682098388671875
