0 0.5334427878260612 0.6194061785936356 0.16178594529628754 0.2619570195674896 0.9954297637939453
0 0.9129757359623909 0.810215026140213 0.1740485578775406 0.27343231439590454 0.9905579376220703
0 0.1747581996023655 0.30427053943276405 0.06364647299051285 0.06893361359834671 0.985760726928711
0 0.31252095848321915 0.29827916994690895 0.06924791634082794 0.07956189662218094 0.9756632232666016
0 0.25059107691049576 0.3265822697430849 0.03992249071598053 0.02254370227456093 0.9657173156738281
0 0.06357059348374605 0.3091030167415738 0.018702777102589607 0.029276559129357338 0.8055000305175781
0 0.24164775107055902 0.2610988738015294 0.013221772387623787 0.016295934095978737 0.58467529296875
1 0.950881278142333 0.7469072416424751 0.03513927385210991 0.045953765511512756 0.9050770568847656
1 0.5077090188860893 0.5649955831468105 0.03418181836605072 0.04893945902585983 0.8555094909667968
1 0.559758210554719 0.5498563572764397 0.03176479414105415 0.05135701596736908 0.718466796875
1 0.32272098073735833 0.2760332366451621 0.014818859286606312 0.01540323905646801 0.5695085525512695
1 0.29810417303815484 0.27520048804581165 0.012422275729477406 0.017795506864786148 0.5500146865844726
4 0.5990620851516724 0.7161327432841063 0.018964767456054688 0.0552036426961422 0.8088851928710937
4 0.20063788793049753 0.3307787165977061 0.007166020106524229 0.01318418700248003 0.7972196197509765
4 0.47603762336075306 0.7168567106127739 0.02116018906235695 0.06958805024623871 0.7689470672607421
