0 0.563618078827858 0.78025783598423 0.1860876977443695 0.302113801240921 0.9936743927001953
0 0.18740230053663254 0.2958781197667122 0.06845758855342865 0.08560909330844879 0.9918901824951172
0 0.3326719142496586 0.29297298192977905 0.07334578782320023 0.09002572298049927 0.9832833099365235
0 0.26086559519171715 0.31770751252770424 0.057622574269771576 0.04238224774599075 0.9799349975585937
0 0.9604404009878635 0.9218694120645523 0.07794297486543655 0.1540478765964508 0.9641310119628906
0 0.06342067755758762 0.30885022692382336 0.019290681928396225 0.030845697969198227 0.7343816375732422
1 0.31926589785143733 0.26780236791819334 0.008186212740838528 0.01729871891438961 0.8925717163085938
1 0.5317114591598511 0.7214189264923334 0.040967464447021484 0.048985857516527176 0.8823489379882813
1 0.5932477042078972 0.7021973989903927 0.03904031217098236 0.06354325264692307 0.8638685607910156
1 0.9861124074086547 0.9208970107138157 0.026598675176501274 0.03412175923585892 0.7045375061035156
4 0.4973751921206713 0.8938812017440796 0.025253359228372574 0.07894027233123779 0.8300206756591797
4 0.531753234565258 0.7345336498692632 0.03152202069759369 0.026910627260804176 0.7818301391601562
4 0.6392265278846025 0.8928270041942596 0.021399561315774918 0.061526715755462646 0.7364774322509766
3 0.20072749769315124 0.2734394893050194 0.010297219268977642 0.01528303325176239 0.5682413482666016
