0 0.5323550850152969 0.6122579276561737 0.16110888123512268 0.26037919521331787 0.99424560546875
0 0.9109613001346588 0.8018652498722076 0.1773805022239685 0.2728803753852844 0.9880521392822266
0 0.17413047701120377 0.30493466928601265 0.06312017142772675 0.06870416551828384 0.9802155303955078
0 0.3113272115588188 0.29820140823721886 0.06892137229442596 0.07924007624387741 0.9683302307128906
0 0.24956311099231243 0.3276488250121474 0.03945773467421532 0.021442187950015068 0.9658199310302734
0 0.06371386721730232 0.3088919632136822 0.018439657986164093 0.0291302427649498 0.8578955841064453
1 0.9471776131540537 0.7378005757927895 0.040387917309999466 0.045998409390449524 0.8985098266601562
1 0.5057220794260502 0.5568372458219528 0.03653014451265335 0.04822155833244324 0.8884864807128906
1 0.5581289418041706 0.5424432475119829 0.03204784542322159 0.05270594730973244 0.8781528472900391
1 0.5474894009530544 0.5561628825962543 0.03070198744535446 0.029680944979190826 0.760073013305664
1 0.3232040940783918 0.27723459992557764 0.012750434689223766 0.014179201796650887 0.7451350402832031
1 0.29716523876413703 0.27521886862814426 0.014093208126723766 0.01721649244427681 0.6786779022216797
4 0.47433573845773935 0.7085882127285004 0.020285384729504585 0.06671792268753052 0.8149118041992187
4 0.5972950337454677 0.7083859033882618 0.01840648613870144 0.05306939035654068 0.7302953338623047
4 0.8367143194191158 0.8779836185276508 0.013821347616612911 0.0744851604104042 0.7041979217529297
