0 0.5596643537282944 0.7598370760679245 0.18450823426246643 0.29840347170829773 0.9965567779541016
0 0.18603625521063805 0.29609518498182297 0.06814946979284286 0.08389697968959808 0.9902326202392578
0 0.33032098039984703 0.29266447201371193 0.07330601662397385 0.09068451076745987 0.983214111328125
0 0.25994934514164925 0.3192397430539131 0.05769333988428116 0.041069820523262024 0.9664403533935547
0 0.9544206745922565 0.9093779549002647 0.09049663692712784 0.1799113005399704 0.9620586395263672
0 0.06347988080233335 0.3089051954448223 0.019513344392180443 0.031055055558681488 0.819896469116211
4 0.4948593592271209 0.8713825307786465 0.025161487981677055 0.07542645186185837 0.852812271118164
4 0.6343400878831744 0.8682939913123846 0.020594915375113487 0.06182895228266716 0.8398194122314453
4 0.530401349067688 0.7111860429868102 0.034773826599121094 0.030962569639086723 0.7242627716064454
3 0.19903302984312177 0.27384613221511245 0.009612099267542362 0.013378764502704144 0.8098826599121094
1 0.5293282940983772 0.6997504848986864 0.03986860811710358 0.052205685526132584 0.7823037719726562
1 0.5897035477682948 0.6933596562594175 0.03040180169045925 0.03596123680472374 0.776919174194336
1 0.9748582039028406 0.897247988730669 0.035175640136003494 0.03898552805185318 0.7247730255126953
1 0.3143233498558402 0.26918203197419643 0.00936695747077465 0.017862390726804733 0.6121625137329102
