0 0.5506998002529144 0.7095854729413986 0.17578649520874023 0.2844352424144745 0.9947966766357422
0 0.18189026787877083 0.29791226983070374 0.06641853600740433 0.0782618522644043 0.9843407440185546
0 0.3242734409868717 0.2939600311219692 0.07395518571138382 0.08855121582746506 0.9760426330566406
0 0.9403445236384869 0.8824050724506378 0.11782779544591904 0.23332875967025757 0.9741917419433593
0 0.25661833211779594 0.32097986713051796 0.05513586848974228 0.035930462181568146 0.94368896484375
0 0.06347848381847143 0.30869165156036615 0.019253050908446312 0.030122460797429085 0.7152930450439453
4 0.6222272869199514 0.8132630493491888 0.019559096544981003 0.059954266995191574 0.8475711059570312
4 0.4888510266318917 0.8165171332657337 0.023257287219166756 0.06946388632059097 0.8394516754150391
4 0.5210628947243094 0.6618565432727337 0.030202357098460197 0.031177662312984467 0.666984634399414
1 0.5791990403085947 0.6447189468890429 0.02991657331585884 0.03981340304017067 0.8189540863037109
1 0.5203896444290876 0.6538663245737553 0.03591960296034813 0.04629070311784744 0.7500215911865235
1 0.31093492917716503 0.2678572926670313 0.008286889642477036 0.015163619071245193 0.6736618041992187
1 0.9434153325855732 0.8380482438951731 0.03159485012292862 0.04058640077710152 0.6688014221191406
