0 0.5399155095219612 0.6545840799808502 0.1650722771883011 0.27219194173812866 0.9950181579589844
0 0.9247579276561737 0.8498629480600357 0.1504841446876526 0.2844375669956207 0.9940696716308594
0 0.17790613323450089 0.3010121136903763 0.06362728774547577 0.07308414578437805 0.9853729248046875
0 0.31704339012503624 0.2969963066279888 0.06909071654081345 0.08274634927511215 0.9790323638916015
0 0.25195332802832127 0.32410537637770176 0.04552920535206795 0.028280723839998245 0.9526271820068359
0 0.06386084947735071 0.3088955283164978 0.018326321616768837 0.029669642448425293 0.7784847259521485
1 0.9737044014036655 0.7843826282769442 0.03151334077119827 0.04643842950463295 0.9199372863769532
1 0.5128039587289095 0.5988475587219 0.03633025661110878 0.04911838099360466 0.8406697845458985
1 0.30337060894817114 0.27285312209278345 0.011038748547434807 0.018207522109150887 0.7797845458984375
1 0.5678212326020002 0.5824685115367174 0.03613942489027977 0.05595827475190163 0.6560615539550781
4 0.6077787522226572 0.7556868698447943 0.019997406750917435 0.052507977932691574 0.8247758483886719
4 0.4811714394018054 0.7548424936830997 0.02174886129796505 0.07064158469438553 0.8197911071777344
4 0.8641806999221444 0.9254431612789631 0.013788731768727303 0.08428237587213516 0.7466464233398438
