0 0.5302138552069664 0.6040134727954865 0.16024653613567352 0.25576919317245483 0.995103988647461
0 0.9078962728381157 0.7922951430082321 0.18311189115047455 0.2711503207683563 0.9929124450683594
0 0.17306028306484222 0.30575187876820564 0.06328299641609192 0.06824479252099991 0.9849463653564453
0 0.31008676812052727 0.2986791208386421 0.06898918002843857 0.07864029705524445 0.97646240234375
0 0.24928709492087364 0.3281435137614608 0.03947582095861435 0.020420385524630547 0.968680648803711
0 0.06361917592585087 0.30870210099965334 0.01857222244143486 0.029237309470772743 0.8061553955078125
1 0.9367055455222726 0.7292451821267605 0.02977326698601246 0.04358576983213425 0.9114435577392578
1 0.5559096895158291 0.5357655622065067 0.032591693103313446 0.05276042968034744 0.8155867767333984
1 0.5060842745006084 0.5489637218415737 0.03242482990026474 0.040465347468853 0.8098758697509766
1 0.8729957854375243 0.7242964338511229 0.031089527532458305 0.0353061817586422 0.7150289916992187
1 0.5146724982187152 0.5474132522940636 0.02878650091588497 0.03490583598613739 0.6792288208007813
1 0.2964215618558228 0.27564885141327977 0.010907300747931004 0.015316405333578587 0.6702518463134766
1 0.32298467541113496 0.27793798921629786 0.012948830612003803 0.01506712194532156 0.6047459411621093
4 0.5949995163828135 0.7001649662852287 0.01847057417035103 0.05107031762599945 0.8113600921630859
4 0.4729894520714879 0.6988886035978794 0.021726513281464577 0.06724096089601517 0.8048355102539062
4 0.8318002345040441 0.8657977618277073 0.013294601812958717 0.07954932004213333 0.5507404708862305
