0 0.921232245862484 0.8402801603078842 0.15731315314769745 0.28423914313316345 0.9913279724121093
0 0.5374921560287476 0.6457453966140747 0.16510486602783203 0.2674405574798584 0.990790023803711
0 0.31568536534905434 0.29729196801781654 0.07064927369356155 0.08201313763856888 0.9831587982177734
0 0.17719151824712753 0.3019787631928921 0.06356693804264069 0.07213061302900314 0.9819514465332031
0 0.2529984936118126 0.32532227970659733 0.04343317449092865 0.025797922164201736 0.9630245208740235
0 0.06357098743319511 0.3089213026687503 0.019121289253234863 0.030140629038214684 0.6783320617675781
1 0.966887179762125 0.7738204263150692 0.032117970287799835 0.04781024903059006 0.9489081573486328
1 0.5123086683452129 0.5907685328274965 0.03600873798131943 0.043153438717126846 0.8998196411132813
1 0.5652749221771955 0.5768698882311583 0.03234570845961571 0.05120035633444786 0.7660669708251953
1 0.9014386534690857 0.7703004591166973 0.031867027282714844 0.03549804538488388 0.6663896942138672
1 0.30197393894195557 0.2725871251896024 0.013659000396728516 0.018513092771172523 0.6521149444580078
4 0.4799244599416852 0.7464837729930878 0.02140919305384159 0.06777411699295044 0.8116134643554688
4 0.8590655527077615 0.9139242768287659 0.013978640548884869 0.08449661731719971 0.6656765747070312
4 0.6052911914885044 0.7465600743889809 0.019542820751667023 0.052658870816230774 0.6515697479248047
