0 0.5571443811058998 0.7509822398424149 0.180502250790596 0.2963621914386749 0.9962671661376953
0 0.18502765521407127 0.2967216186225414 0.06787454336881638 0.0830739364027977 0.9875675201416015
0 0.32824884727597237 0.2929757945239544 0.07284513860940933 0.0895087942481041 0.9814552307128906
0 0.25897578708827496 0.3195979278534651 0.05742519721388817 0.03976338729262352 0.9568783569335938
0 0.95212846621871 0.9039357900619507 0.09574305266141891 0.1920384168624878 0.8682682037353515
0 0.0636114850640297 0.3090168908238411 0.019014529883861542 0.030809417366981506 0.8595640563964844
4 0.5280751306563616 0.7034120047464967 0.031743112951517105 0.024533646181225777 0.9350790405273437
4 0.6316753188148141 0.8584027737379074 0.02171376533806324 0.05897137522697449 0.888536605834961
4 0.49383397679775953 0.8600503019988537 0.024010753259062767 0.07613881677389145 0.8748174285888672
1 0.5285230670124292 0.6801220625638962 0.04011233523488045 0.07042524218559265 0.8119883728027344
1 0.5880998261272907 0.6714388839900494 0.04075966030359268 0.06722333282232285 0.8018938446044922
1 0.3150509297847748 0.2688055904582143 0.009351253509521484 0.018871420994400978 0.7229727172851562
1 0.9667331259697676 0.8850162569433451 0.035230573266744614 0.04197167232632637 0.6282897567749024
3 0.1982739418745041 0.2740019760094583 0.01078343391418457 0.013892392627894878 0.6438215637207031
