0 0.5811607390642166 0.8637253493070602 0.20167884230613708 0.27245160937309265 0.997508544921875
0 0.1961437650024891 0.29330330342054367 0.07090655714273453 0.08907569944858551 0.9895826721191406
0 0.3442344479262829 0.29096628725528717 0.07507457584142685 0.09369173645973206 0.9861046600341797
0 0.26711463928222656 0.3135105464607477 0.058361053466796875 0.04859348013997078 0.9772447967529296
0 0.06406643148511648 0.3086883509531617 0.01801917515695095 0.029309647157788277 0.7884278869628907
1 0.5475142989307642 0.8115058578550816 0.045265037566423416 0.08103597909212112 0.8519247436523437
1 0.6093244440853596 0.8158464450389147 0.03560314327478409 0.043096188455820084 0.8046869659423828
1 0.3307246705517173 0.26490225922316313 0.00999542884528637 0.017765751108527184 0.7460072326660157
4 0.5473139397799969 0.8384134415537119 0.037618063390254974 0.029279638081789017 0.7622783660888672
3 0.20905253989621997 0.26870716037228703 0.009816869162023067 0.01466954592615366 0.6806034088134766
