0 0.9187401682138443 0.8308327198028564 0.16247311234474182 0.2813546657562256 0.9935301971435547
0 0.536801166832447 0.63791124522686 0.1649177223443985 0.2642413079738617 0.9920053863525391
0 0.17626143246889114 0.3025726340711117 0.06418304145336151 0.07069789618253708 0.9855590057373047
0 0.3148251585662365 0.29742755740880966 0.06940116733312607 0.08127401769161224 0.9808390045166016
0 0.2521120682358742 0.32547303941100836 0.04105256497859955 0.024357972666621208 0.9525454711914062
0 0.06383094657212496 0.30877997539937496 0.018235603347420692 0.02938876673579216 0.8297319030761718
1 0.9618377443403006 0.7654596175998449 0.032134246081113815 0.0467936210334301 0.8928929901123047
1 0.5115569289773703 0.5804615616798401 0.03287763521075249 0.04466903209686279 0.8854322814941407
1 0.5668594520539045 0.5781896430999041 0.028466161340475082 0.03431910648941994 0.8540303802490234
1 0.895922577008605 0.758850384503603 0.030430030077695847 0.03806672245264053 0.7024767303466797
4 0.8530995845794678 0.9081419855356216 0.013386726379394531 0.07878711819648743 0.7570720672607422
4 0.5094931004568934 0.5949982786551118 0.027290916070342064 0.024285154417157173 0.7256336212158203
4 0.6035588942468166 0.7368780914694071 0.018744342029094696 0.05300484970211983 0.7156156921386718
4 0.47872849460691214 0.7359872795641422 0.02097962610423565 0.06931395083665848 0.7033204650878906
