0 0.549432136118412 0.7002408355474472 0.17342306673526764 0.28196415305137634 0.993333740234375
0 0.9374610558152199 0.8758796155452728 0.12387104332447052 0.24514764547348022 0.9815919494628906
0 0.32323533669114113 0.2944496013224125 0.07361657172441483 0.087028868496418 0.9789751434326172
0 0.18086624518036842 0.29837528243660927 0.06801474839448929 0.07737887650728226 0.9772026062011718
0 0.25595618411898613 0.3216561246663332 0.05571972578763962 0.0363338328897953 0.9651319122314453
0 0.06371595803648233 0.3092265594750643 0.019073346629738808 0.02984503284096718 0.8451004028320312
4 0.619528810493648 0.8036548402160406 0.02034982107579708 0.05623767897486687 0.8821226501464844
4 0.4869234021753073 0.802704282104969 0.023230742663145065 0.07415200769901276 0.7611236572265625
4 0.520216484554112 0.6564848823472857 0.029400983825325966 0.026304682716727257 0.565384521484375
1 0.5198439843952656 0.6379883587360382 0.038512326776981354 0.055622637271881104 0.7598463439941406
1 0.577714117243886 0.6363867595791817 0.031788889318704605 0.0384758859872818 0.7416794586181641
1 0.30910225911065936 0.2695736000314355 0.009867413900792599 0.016161205247044563 0.701527099609375
1 0.9381883544847369 0.830610329285264 0.030099233612418175 0.03760658577084541 0.6117100524902344
