0 0.547256588935852 0.6905018985271454 0.1725202202796936 0.27850860357284546 0.9935805511474609
0 0.3216990977525711 0.2946961633861065 0.07281830906867981 0.08657249063253403 0.98036865234375
0 0.9349309355020523 0.8724733591079712 0.12863019108772278 0.25501465797424316 0.976805419921875
0 0.17961785942316055 0.29897352680563927 0.06767444312572479 0.07598351687192917 0.9726287841796875
0 0.2552066221833229 0.3219030648469925 0.055227771401405334 0.033416181802749634 0.9566071319580078
0 0.06369493063539267 0.30962951108813286 0.019036373123526573 0.03022017329931259 0.7346314239501953
4 0.617212844081223 0.7937505822628736 0.01966228522360325 0.05679440125823021 0.8938496398925782
4 0.4855292262509465 0.7937883622944355 0.022718334570527077 0.07042954117059708 0.800168685913086
1 0.5202745273709297 0.6330270059406757 0.035823121666908264 0.046305395662784576 0.8844837951660156
1 0.9922684389166534 0.8201144225895405 0.014837137423455715 0.04631409794092178 0.8238736724853516
1 0.5740684792399406 0.620220247656107 0.03761361539363861 0.05546117573976517 0.8195603942871094
1 0.30775186605751514 0.2705592792481184 0.010419432073831558 0.015644129365682602 0.7330459594726563
1 0.9313274621963501 0.8195590879768133 0.031240463256835938 0.036497216671705246 0.602796630859375
1 0.31105725979432464 0.27203975711017847 0.009630839340388775 0.01420644111931324 0.5990437698364258
