0 0.5669969990849495 0.8050250113010406 0.19130481779575348 0.31033188104629517 0.996193618774414
0 0.18896450474858284 0.2953319773077965 0.06998167186975479 0.08598087728023529 0.982582778930664
0 0.3346685916185379 0.29282907024025917 0.07447955012321472 0.09006709605455399 0.9794435119628906
0 0.26213601417839527 0.3166455700993538 0.05848434939980507 0.04411400854587555 0.9722251892089844
0 0.9666696414351463 0.935086652636528 0.06666068732738495 0.1298266351222992 0.9592625427246094
0 0.16158272698521614 0.2683938657864928 0.01634109765291214 0.023158235475420952 0.7811532592773438
0 0.06382166408002377 0.30884602200239897 0.018733631819486618 0.03030412457883358 0.6468351745605468
1 0.5369430184364319 0.7444493509829044 0.03711700439453125 0.04976970702409744 0.8902996063232422
1 0.5977157559245825 0.7227520756423473 0.03958288952708244 0.0651065930724144 0.7912141418457032
1 0.32086758222430944 0.2686275113373995 0.008576838299632072 0.016557369381189346 0.6321082305908203
1 0.989780131727457 0.9468440655618906 0.019145138561725616 0.04698746278882027 0.5828977203369141
4 0.500570148229599 0.9191086068749428 0.026409149169921875 0.07785876095294952 0.8512360382080079
4 0.6443025311455131 0.9180246442556381 0.022386042401194572 0.061363786458969116 0.8249795532226563
