0 0.5530511736869812 0.7180074453353882 0.17864710092544556 0.2875800132751465 0.9915740966796875
0 0.18241192772984505 0.2975163385272026 0.06741175800561905 0.07985220849514008 0.9846440887451172
0 0.32551760971546173 0.29347997158765793 0.07336428761482239 0.08945871889591217 0.9828438568115234
0 0.9432258866727352 0.8869203105568886 0.11354821175336838 0.22366733849048615 0.9651915740966797
0 0.25719767063856125 0.32093973457813263 0.05586718022823334 0.03713992238044739 0.9582665252685547
0 0.06359613593667746 0.30865390319377184 0.01878795586526394 0.029909515753388405 0.7471952819824219
1 0.5242576953023672 0.6599392518401146 0.036116790026426315 0.049597904086112976 0.8294461059570313
1 0.312757080886513 0.2677351329475641 0.00892419833689928 0.014499325305223465 0.7937888336181641
1 0.5814196467399597 0.6548599246889353 0.02629566192626953 0.037886667996644974 0.7666508483886719
1 0.16990902740508318 0.276720411144197 0.01160278357565403 0.012379540130496025 0.6128863525390625
4 0.6243657385930419 0.8253566827625036 0.0198581051081419 0.0560709647834301 0.7894342041015625
4 0.48951631784439087 0.826219730079174 0.023598670959472656 0.07167302072048187 0.7751081085205078
