0 0.577467791736126 0.8514802008867264 0.19899050891399384 0.2960311472415924 0.9946271514892578
0 0.19379350915551186 0.2937391586601734 0.07064849883317947 0.08877763897180557 0.9864698028564454
0 0.3408212997019291 0.29169485718011856 0.07440198212862015 0.09237746894359589 0.9845238494873046
0 0.2653904967010021 0.3142656683921814 0.05881773680448532 0.047914206981658936 0.9757414245605469
0 0.06423274893313646 0.308618257753551 0.01784236915409565 0.029123207554221153 0.7045173645019531
1 0.6073546214029193 0.7921939697116613 0.030700048431754112 0.036212723702192307 0.8869895172119141
1 0.5438897125422955 0.7986423578113317 0.04310932010412216 0.056094925850629807 0.8811746215820313
1 0.32735525956377387 0.2662485660985112 0.011477279476821423 0.017328644171357155 0.7421344757080078
3 0.2070176750421524 0.26999351382255554 0.010171175003051758 0.013451159000396729 0.7634544372558594
4 0.6577183920890093 0.9746820200234652 0.02184397354722023 0.0504743792116642 0.7321360778808593
4 0.5049101831391454 0.9704763311892748 0.023124122992157936 0.058667782694101334 0.7300266265869141
