0 0.5854829698801041 0.8796776682138443 0.20812419056892395 0.23469391465187073 0.9958426666259765
0 0.34843142703175545 0.29086707532405853 0.07720724493265152 0.09446552395820618 0.9881819915771485
0 0.1993689201772213 0.29239122569561005 0.07215365022420883 0.09103125333786011 0.9845237731933594
0 0.26960295252501965 0.3121676482260227 0.0582248829305172 0.053066082298755646 0.96462646484375
0 0.06433313153684139 0.30852847173810005 0.01773153617978096 0.028988279402256012 0.774328842163086
1 0.5515094120055437 0.8512863367795944 0.046322885900735855 0.08397838473320007 0.9297454071044922
1 0.6196142677217722 0.8563949763774872 0.03959827497601509 0.04501122236251831 0.8686177062988282
1 0.3339861989952624 0.2649022890254855 0.011448574252426624 0.015339067205786705 0.8089794921875
1 0.1857889057137072 0.2654513888992369 0.007563543505966663 0.013095770962536335 0.6098688888549805
4 0.5518015623092651 0.8788351556286216 0.03694868087768555 0.030756859108805656 0.8950202178955078
3 0.21222231211140752 0.26802909560501575 0.010645993985235691 0.014980796724557877 0.5935805511474609
