0 0.5286542847752571 0.5958088785409927 0.15888561308383942 0.2532300055027008 0.9916407012939453
0 0.17243119701743126 0.3065898194909096 0.06219231337308884 0.06769372522830963 0.9903839874267578
0 0.9061940684914589 0.7840329110622406 0.1876118928194046 0.26688069105148315 0.9876229858398438
0 0.30883095413446426 0.29900218173861504 0.06816120445728302 0.07856377214193344 0.974118423461914
0 0.2485932782292366 0.32877691742032766 0.03921748697757721 0.019248170778155327 0.9528511047363282
0 0.06343091186136007 0.30883256159722805 0.01907394640147686 0.02944762632250786 0.6023576736450196
1 0.9361501410603523 0.720657205209136 0.04188467562198639 0.04409224912524223 0.9365632629394531
1 0.5043547786772251 0.540830060839653 0.032859452068805695 0.04670330882072449 0.9358711242675781
1 0.5558656770735979 0.5381363984197378 0.027409616857767105 0.035530995577573776 0.9021073150634765
1 0.8688405230641365 0.7180044054985046 0.03526522219181061 0.03550064563751221 0.729551010131836
1 0.29264986515045166 0.27771459333598614 0.010289192199707031 0.01696130260825157 0.7266328430175781
4 0.4719158448278904 0.6903951205313206 0.02125275880098343 0.06640613824129105 0.8186338806152343
4 0.5926021970808506 0.6929052788764238 0.018245823681354523 0.04917353764176369 0.8164974975585938
4 0.5034298496320844 0.5518976729363203 0.027897516265511513 0.02905171737074852 0.7926338958740234
4 0.8266509813256562 0.8638676404953003 0.012056478299200535 0.06521940231323242 0.7020965576171875
