0 0.5691630765795708 0.8175055533647537 0.19216661155223846 0.3110227882862091 0.9942420196533203
0 0.18967193365097046 0.29470377415418625 0.06932446360588074 0.08736453950405121 0.9820187377929688
0 0.33580972626805305 0.2928423620760441 0.07494650036096573 0.08991993218660355 0.9806509399414063
0 0.26275267638266087 0.3163407351821661 0.057326603680849075 0.04532061144709587 0.9769681549072265
0 0.9692112691700459 0.94162917137146 0.06157741695642471 0.11674070358276367 0.9404020690917969
0 0.06362155359238386 0.30813306011259556 0.018855376169085503 0.029931414872407913 0.8110426330566406
1 0.538117591291666 0.7542954795062542 0.038818009197711945 0.05210401862859726 0.8856008911132812
1 0.601225333288312 0.7466793041676283 0.03698018565773964 0.04135465249419212 0.7818962097167969
1 0.3216289756819606 0.26729364320635796 0.011197185143828392 0.017658375203609467 0.582247085571289
4 0.5018223822116852 0.933549340814352 0.026178836822509766 0.0783005878329277 0.8496871185302735
4 0.5368672572076321 0.7672617016360164 0.033432357013225555 0.028050458058714867 0.8308322906494141
4 0.6469948291778564 0.93006307259202 0.0221710205078125 0.06311238557100296 0.8287420654296875
