0 0.5544003844261169 0.7286164164543152 0.18004363775253296 0.2883291244506836 0.9920780944824219
0 0.18333426862955093 0.297054722905159 0.06773515045642853 0.08074674010276794 0.9905554962158203
0 0.3260763846337795 0.2933688461780548 0.07284676283597946 0.08958277106285095 0.9837525177001953
0 0.9460711851716042 0.8926563858985901 0.10657806694507599 0.2143782377243042 0.9596943664550781
0 0.25778693333268166 0.32061323896050453 0.055953361093997955 0.03779751807451248 0.9519771575927735
0 0.06355495192110538 0.30968963634222746 0.01930946484208107 0.03014337085187435 0.7175566101074219
4 0.6267680525779724 0.8359245657920837 0.02110576629638672 0.058095693588256836 0.8548033142089844
4 0.5256742592900991 0.6826137388125062 0.03215761110186577 0.026327626779675484 0.7903221130371094
4 0.49113668221980333 0.8345939069986343 0.02324857749044895 0.07835772633552551 0.7799798583984375
1 0.5821577189490199 0.6632757522165775 0.02846393547952175 0.037947364151477814 0.836334228515625
1 0.31323392782360315 0.26755253691226244 0.009183915331959724 0.01682182587683201 0.8163543701171875
1 0.5258772540837526 0.6669993568211794 0.03495219722390175 0.04157522693276405 0.7883081817626953
