0 0.5435556620359421 0.6722420901060104 0.16932764649391174 0.2718978822231293 0.9929135131835938
0 0.3191618174314499 0.2956392578780651 0.07127192616462708 0.0852668508887291 0.9866999053955078
0 0.17863532900810242 0.2991115041077137 0.0659044086933136 0.07591233402490616 0.984886474609375
0 0.9291296228766441 0.8620963990688324 0.13963012397289276 0.2729819416999817 0.9847615814208984
0 0.25245001912117004 0.3231068681925535 0.05389094352722168 0.030430462211370468 0.9633941650390625
0 0.063611950725317 0.3091056188568473 0.018771059811115265 0.029955772683024406 0.7754814147949218
1 0.9851029114797711 0.8036825098097324 0.029147783294320107 0.048484690487384796 0.9469078063964844
1 0.5171270556747913 0.6163352038711309 0.034877873957157135 0.04808841273188591 0.8747859954833984
1 0.30508956499397755 0.2714443914592266 0.010249678045511246 0.016751550137996674 0.8215882873535156
1 0.5693458672612906 0.6113596800714731 0.03724212571978569 0.0396229512989521 0.7995796966552734
1 0.920241380110383 0.7977348901331425 0.03262214735150337 0.03825361281633377 0.7715542602539063
4 0.4832899710163474 0.7725996449589729 0.0226039569824934 0.0722130686044693 0.8488429260253906
4 0.6123919049277902 0.7744116652756929 0.019586117938160896 0.05379316583275795 0.820491943359375
4 0.8754131752066314 0.9485290534794331 0.014669290743768215 0.07931671291589737 0.6553850555419922
