0 0.5721913501620293 0.8382421135902405 0.1944572776556015 0.31585705280303955 0.9957428741455078
0 0.3384597823023796 0.29280900955200195 0.07486079633235931 0.09091627597808838 0.9865631103515625
0 0.19181383401155472 0.2940988056361675 0.07098503410816193 0.08824004977941513 0.985674819946289
0 0.2642158009111881 0.3149099573493004 0.0566464439034462 0.047461673617362976 0.9698139953613282
0 0.06515857670456171 0.3080139011144638 0.015706436708569527 0.027517586946487427 0.7204134368896484
4 0.5400386061519384 0.7899323580786586 0.03457276150584221 0.02858123742043972 0.8900697326660156
4 0.5042143445461988 0.9578566364943981 0.02579682692885399 0.07910545915365219 0.8252007293701172
4 0.6522548394277692 0.9566964209079742 0.02226797677576542 0.06358987092971802 0.81564697265625
1 0.3262026091106236 0.2668406991288066 0.008745447732508183 0.02020854316651821 0.8786371612548828
1 0.6040390767157078 0.7559659294784069 0.039770253002643585 0.062231503427028656 0.8046138000488281
1 0.5400207601487637 0.7788396961987019 0.0412515327334404 0.049143530428409576 0.7432524871826172
3 0.20528409304097295 0.27102236496284604 0.009548553265631199 0.013167769648134708 0.8163341522216797
