0 0.32060854136943817 0.29539063572883606 0.07175442576408386 0.08576041460037231 0.9879782104492187
0 0.5456133186817169 0.6817616671323776 0.1702379584312439 0.2748006284236908 0.9867378997802735
0 0.9321854114532471 0.8668482154607773 0.13486576080322266 0.2663036286830902 0.9854434204101562
0 0.17939291521906853 0.2991488426923752 0.06730424612760544 0.07619914412498474 0.9822258758544922
0 0.2543725483119488 0.32271558977663517 0.05513753741979599 0.03184254840016365 0.9723765563964843
0 0.06359181925654411 0.3088157270103693 0.019021928310394287 0.02999790385365486 0.7086746215820312
1 0.989738468080759 0.8129066806286573 0.019849903881549835 0.04767727479338646 0.9336483764648438
1 0.5721835326403379 0.6091905757784843 0.03555819019675255 0.05735693871974945 0.8822682189941407
1 0.5182044189423323 0.6243154797703028 0.03407471999526024 0.046916086226701736 0.8676990509033203
1 0.30626028776168823 0.2716636713594198 0.01136159896850586 0.016928862780332565 0.8418755340576172
1 0.9260884765535593 0.8061400409787893 0.030974198132753372 0.041718434542417526 0.627046127319336
4 0.4841644112020731 0.7812319658696651 0.022492695599794388 0.0747322365641594 0.8463269805908203
4 0.6147674834355712 0.7844115868210793 0.01939461939036846 0.05366487801074982 0.8024872589111328
4 0.5183161776512861 0.6358238272368908 0.0325736366212368 0.029639802873134613 0.6692319488525391
