0 0.5790139213204384 0.8576348125934601 0.1995909959077835 0.28473037481307983 0.9930949401855469
0 0.3427562341094017 0.2911476232111454 0.07479976117610931 0.09327954798936844 0.9900841522216797
0 0.19489144533872604 0.29332460090518 0.0704326182603836 0.08888372033834457 0.9881118774414063
0 0.2663402818143368 0.3141123093664646 0.05854739993810654 0.048300452530384064 0.9787371063232422
0 0.06477558612823486 0.30887747928500175 0.016957871615886688 0.029292665421962738 0.734062728881836
1 0.5447063930332661 0.8075601235032082 0.044915296137332916 0.06238527595996857 0.86233154296875
1 0.611135384067893 0.793040044605732 0.04331270977854729 0.06708396971225739 0.8545735931396484
1 0.3279917319305241 0.2661503115668893 0.012024656869471073 0.017300697043538094 0.7442681884765625
4 0.5442585069686174 0.8267118614166975 0.03311449661850929 0.02838033065199852 0.8038280487060547
3 0.20802712626755238 0.2692374251782894 0.009956661611795425 0.015204422175884247 0.6425686645507812
